-577.5	0	0	0.2	
-714.5	1	0	0.2	
-498	2	0	0.2	
-620	3	0	0.2	
-543.5	4	0	0.2	
-369.5	5	1	0.2	
-429.5	6	0	0.2	
-569	7	0	0.2	
-501	8	1	0.2	
-515.875	9	0	0.2	
-502.5	10	1	0.2	
-346.5	11	1	0.2	
-470.5	12	1	0.2	
-344	13	1	0.2	
-411	14	1	0.2	
-455.5	15	0	0.2	
-358	16	0	0.2	
-238	17	1	0.2	
-425	18	0	0.2	
-573	19	1	0.2	
-382.5	20	0	0.2	
-329	21	1	0.2	
-432.5	22	0	0.2	
-319.5	23	1	0.2	
-404.5	24	0	0.2	
-368	25	1	0.2	
-546.4	26	1	0.2	
-465.75	27	0	0.2	
-567.5	28	0	0.2	
-415	29	1	0.2	
-412	30	1	0.2	
-432.5	31	1	0.2	
-535.5	32	0	0.2	
-359	33	1	0.2	
-416	34	1	0.2	
-336.5	35	1	0.2	
-449.5	36	0	0.2	
-371.5	37	0	0.2	
-341.5	38	1	0.2	
-182	39	1	0.2	
-518	40	0	0.2	
-459.5	41	0	0.2	
-227	42	1	0.2	
-238	43	1	0.2	
-375	44	0	0.2	
-562.5	45	0	0.2	
-469.5	46	0	0.2	
-323.5	47	1	0.2	
-465.5	48	1	0.2	
-491	49	0	0.2	
-421	50	0	0.2	
-262.5	51	1	0.2	
-205	52	1	0.2	
-498.5	53	1	0.2	
-512.5	54	0	0.2	
-524	55	0	0.2	
-149	56	1	0.2	
-593	57	0	0.2	
-363.5	58	0	0.2	
-476.75	59	0	0.2	
-386.4	60	1	0.2	
-288.2	61	1	0.2	
-384.5	62	0	0.2	
-462.5	63	0	0.2	
-358	64	1	0.2	
-403	65	1	0.2	
-290	66	1	0.2	
-311.7	67	1	0.2	
-413	68	1	0.2	
-388	69	0	0.2	
-378.5	70	0	0.2	
-185	71	1	0.2	
-447	72	1	0.2	
-372	73	0	0.2	
-424.5	74	1	0.2	
-630.5	75	0	0.2	
-389	76	0	0.2	
-504.25	77	0	0.2	
-395	78	1	0.2	
-142	79	1	0.2	
-613.5	80	0	0.2	
-430.2	81	0	0.2	
-450.5	82	0	0.2	
-548.5	83	0	0.2	
-352.5	84	1	0.2	
-404.5	85	1	0.2	
-414	86	0	0.2	
-569.5	87	1	0.2	
-465.5	88	0	0.2	
-431	89	1	0.2	
-342	90	1	0.2	
-339	91	1	0.2	
-356	92	1	0.2	
-558	93	0	0.2	
-510	94	0	0.2	
-322.5	95	1	0.2	
-477.5	96	0	0.2	
-419.4	97	1	0.2	
-358.5	98	1	0.2	
-419.9	99	1	0.2	52
-389.5	100	1	0.2	53
-362.5	101	1	0.2	54
-451.75	102	0	0.2	54
-386	103	0	0.2	54
-343.5	104	1	0.2	55
-380	105	1	0.2	55
-434	106	0	0.2	55
-418.5	107	0	0.2	55
-441	108	0	0.2	54
-434	109	0	0.2	54
-477	110	0	0.2	53
-346.5	111	1	0.2	53
-495.5	112	0	0.2	52
-592.65	113	0	0.2	51
-487	114	0	0.2	50
-332	115	1	0.2	51
-421.5	116	1	0.2	52
-291.5	117	1	0.2	52
-328	118	0	0.2	52
-558	119	1	0.2	52
-450.5	120	1	0.2	53
-454.5	121	0	0.2	52
-416.5	122	1	0.2	53
-343.5	123	0	0.2	52
-327.5	124	1	0.2	53
-366	125	1	0.2	53
-375	126	0	0.2	52
-551.5	127	0	0.2	52
-583.75	128	0	0.2	52
-369.9	129	1	0.2	52
-454.5	130	1	0.2	52
-526	131	1	0.2	52
-211	132	1	0.2	53
-476.5	133	1	0.2	53
-202	134	1	0.2	53
-388.5	135	0	0.2	52
-321.5	136	1	0.2	53
-265	137	1	0.2	54
-234.5	138	1	0.2	54
-532	139	0	0.2	53
-85	140	1	0.2	54
-304	141	1	0.2	55
-470	142	1	0.2	55
-109	143	1	0.2	55
-545	144	0	0.2	55
-350	145	1	0.2	56
-426	146	1	0.2	57
-437	147	1	0.2	57
-519.5	148	0	0.2	56
-228	149	1	0.2	57
-505	150	0	0.2	57
-522.5	151	0	0.2	56
-131.5	152	1	0.2	56
-555.25	153	0	0.2	55
-553.5	154	0	0.2	55
-490.375	155	0	0.2	55
-443.5	156	0	0.2	54
-464.5	157	0	0.2	54
-381.8	158	0	0.2	54
-536.5	159	0	0.2	54
-256	160	1	0.2	54
-139.9	161	1	0.2	54
-379.5	162	0	0.2	54
-378	163	1	0.2	55
-387	164	1	0.2	55
-426.5	165	0	0.2	54
-172.5	166	1	0.2	54
-503	167	0	0.2	53
-412.5	168	0	0.2	52
-322.5	169	1	0.2	53
-413.5	170	1	0.2	54
-199.5	171	1	0.2	54
-345	172	1	0.2	54
-207.5	173	1	0.2	55
-413	174	0	0.2	54
-383	175	1	0.2	55
-334.5	176	1	0.2	56
-288.5	177	1	0.2	57
-483.5	178	0	0.2	56
-140.5	179	1	0.2	56
-483	180	0	0.2	56
-377.5	181	1	0.2	57
-402.5	182	1	0.2	58
-448	183	0	0.2	58
-427.5	184	0	0.2	57
-378.5	185	1	0.2	57
-351	186	0	0.2	57
-300.5	187	1	0.2	57
-304.5	188	1	0.2	58
-363	189	0	0.2	57
-374.5	190	1	0.2	57
-538.5	191	0	0.2	56
-113.5	192	1	0.2	56
-377.5	193	0	0.2	56
-374.5	194	0	0.2	56
-189	195	1	0.2	56
-515	196	1	0.2	57
-415.5	197	0	0.2	56
-365	198	1	0.2	56
-335	199	1	0.2	56
-493	200	1	0.2	56
-205	201	1	0.2	56
-395.5	202	1	0.2	57
-558	203	0	0.2	57
-627.5	204	0	0.2	56
-419.5	205	0	0.2	55
-291.5	206	1	0.2	56
-402.5	207	0	0.2	56
-456	208	0	0.2	56
-463.5	209	0	0.2	56
-416.5	210	0	0.2	56
-445	211	1	0.2	56
-206	212	1	0.2	57
-355.5	213	0	0.2	57
-419	214	0	0.2	57
-163	215	1	0.2	57
-261.5	216	1	0.2	57
-336	217	1	0.2	57
-225.5	218	1	0.2	58
-278.5	219	1	0.2	58
-436	220	0	0.2	57
-277	221	1	0.2	58
-235	222	1	0.2	58
-431	223	0	0.2	58
-425	224	1	0.2	58
-387.5	225	1	0.2	58
-215.6	226	1	0.2	59
-349.5	227	1	0.2	60
-614.5	228	0	0.2	60
-291	229	1	0.2	60
-459	230	0	0.2	59
-437.5	231	0	0.2	58
-276	232	1	0.2	58
-358	233	1	0.2	58
-336	234	0	0.2	57
-417.5	235	1	0.2	58
-395	236	0	0.2	57
-379.5	237	1	0.2	57
-438	238	1	0.2	57
-385.5	239	0	0.2	57
-171.5	240	1	0.2	57
-262	241	1	0.2	57
-388.5	242	1	0.2	57
-159.5	243	1	0.2	57
-470	244	0	0.2	57
-422	245	0	0.2	56
-478	246	0	0.2	55
-326	247	1	0.2	55
-543	248	0	0.2	55
-426.5	249	0	0.2	54
-460	250	0	0.2	54
-413.5	251	1	0.2	55
-116	252	1	0.2	55
-135	253	1	0.2	56
-442.5	254	1	0.2	57
-377.4375	255	0	0.2	57
-551.85	256	0	0.2	57
-423.5	257	1	0.2	58
-402.5	258	1	0.2	59
-567	259	0	0.2	59
-210	260	1	0.2	59
-446	261	0	0.2	58
-397.5	262	0	0.2	58
-342	263	1	0.2	58
-528	264	0	0.2	57
-348.5	265	0	0.2	57
-493	266	0	0.2	56
-212	267	1	0.2	57
-199.5	268	1	0.2	58
-171	269	1	0.2	58
-161.5	270	1	0.2	58
-275.5	271	1	0.2	58
-362.9	272	1	0.2	58
-299	273	1	0.2	58
-391.5	274	1	0.2	59
-358.5	275	1	0.2	59
-400	276	0	0.2	58
-540	277	0	0.2	57
-402	278	0	0.2	57
-312.5	279	1	0.2	57
-280.5	280	1	0.2	58
-422.5	281	0	0.2	57
-182.5	282	1	0.2	57
-297.5	283	1	0.2	58
-426.8	284	1	0.2	59
-471.5	285	1	0.2	59
-400	286	0	0.2	59
-417	287	0	0.2	58
-379.5	288	0	0.2	57
-542	289	1	0.2	58
-317.25	290	0	0.2	57
-200.5	291	1	0.2	58
-526	292	0	0.2	57
-454	293	0	0.2	57
-433	294	0	0.2	57
-163.5	295	1	0.2	57
-255	296	0	0.2	56
-446.5	297	1	0.2	57
-417.5	298	1	0.2	57
-523	299	0	0.2	56
-321	300	1	0.2	56
-476	301	0	0.2	55
-401	302	0	0.2	54
-309	303	1	0.2	55
-287.5	304	0	0.2	55
-413	305	1	0.2	56
-309.5	306	1	0.2	56
-366.5	307	0	0.2	56
-311.5	308	1	0.2	57
-373.5	309	0	0.2	57
-287	310	1	0.2	58
-126.5	311	1	0.2	58
-406	312	0	0.2	57
-218	313	1	0.2	58
-400.875	314	0	0.2	58
-361	315	1	0.2	58
-199	316	1	0.2	58
-385	317	1	0.2	58
-469.5	318	0	0.2	57
-143	319	1	0.2	57
-495	320	0	0.2	57
-193.5	321	1	0.2	57
-333.8	322	0	0.2	56
-452.5	323	0	0.2	56
-112	324	1	0.2	56
-338.5	325	0	0.2	55
-238.3	326	1	0.2	55
-464	327	0	0.2	54
-495	328	0	0.2	54
-277.5	329	1	0.2	54
-250	330	1	0.2	55
-519	331	0	0.2	55
-305	332	0	0.2	54
-189.5	333	1	0.2	54
-321	334	0	0.2	54
-491	335	0	0.2	53
-520	336	0	0.2	53
-201.5	337	1	0.2	53
-493.5	338	1	0.2	53
-153	339	1	0.2	54
-387.5	340	0	0.2	53
-219	341	1	0.2	53
-282	342	1	0.2	53
-114	343	1	0.2	53
-327.5	344	1	0.2	54
-470.875	345	0	0.2	54
-434.75	346	0	0.2	54
-370	347	0	0.2	53
-200.5	348	1	0.2	54
-393.5	349	1	0.2	55
-512.5	350	0	0.2	55
-136	351	1	0.2	55
-282	352	0	0.2	54
-428.875	353	0	0.2	53
-323	354	1	0.2	53
-352	355	1	0.2	54
-353	356	1	0.2	55
-466	357	0	0.2	54
-494.5	358	1	0.2	54
-470.6	359	0	0.2	54
-506.5	360	1	0.2	54
-276.1	361	1	0.2	55
-284	362	1	0.2	56
-285.5	363	1	0.2	56
-262	364	1	0.2	57
-468.5	365	0	0.2	57
-148	366	1	0.2	58
-449	367	0	0.2	57
-500	368	0	0.2	56
-209	369	1	0.2	56
-470	370	0	0.2	55
-280	371	1	0.2	55
-379.5	372	1	0.2	55
-515.5	373	0	0.2	54
-197.5	374	1	0.2	54
-480.275	375	0	0.2	53
-488	376	0	0.2	53
-457.4	377	1	0.2	54
-155.5	378	1	0.2	55
-404	379	0	0.2	54
-468.2	380	1	0.2	54
-171.5	381	1	0.2	55
-353	382	1	0.2	55
-335	383	1	0.2	55
-340.5	384	1	0.2	55
-407.25	385	0	0.2	54
-498.5	386	0	0.2	54
-425.2	387	1	0.2	55
-546.5	388	0	0.2	55
-177.9	389	1	0.2	55
-163	390	1	0.2	56
-390.5	391	0	0.2	55
-205	392	1	0.2	56
-260.5	393	1	0.2	57
-521.5	394	0	0.2	57
-398	395	0	0.2	56
-384.5	396	1	0.2	57
-494.5	397	0	0.2	56
-491	398	0	0.2	55
-491.5	399	0	0.2	55
-423	400	0	0.2	54
-369	401	1	0.2	55
-477	402	0	0.2	55
-215	403	1	0.2	55
-400	404	0	0.2	55
-496	405	0	0.2	54
-452	406	0	0.2	53
-365	407	0	0.2	53
-453.75	408	0	0.2	52
-278	409	1	0.2	53
-284	410	1	0.2	53
-263	411	1	0.2	53
-372	412	0	0.2	53
-426	413	0	0.2	52
-268	414	1	0.2	53
-326.4	415	1	0.2	53
-327	416	1	0.2	53
-300	417	1	0.2	53
-465	418	0	0.2	53
-362.5	419	0	0.2	52
-552.25	420	0	0.2	52
-413.5	421	1	0.2	52
-165	422	1	0.2	53
-413.5	423	1	0.2	54
-492.5	424	0	0.2	53
-421.5	425	0	0.2	53
-394.5	426	1	0.2	53
-687.5	427	0	0.2	53
-519	428	0	0.2	53
-402.5	429	1	0.2	53
-219.5	430	1	0.2	53
-370	431	0	0.2	53
-452	432	0	0.2	53
-337.1	433	1	0.2	53
-417.5	434	0	0.2	53
-281.5	435	1	0.2	54
-471	436	0	0.2	54
-195	437	1	0.2	54
-304	438	1	0.2	54
-426.5	439	0	0.2	53
-252	440	1	0.2	54
-557	441	0	0.2	53
-231	442	1	0.2	53
-393	443	0	0.2	52
-285	444	1	0.2	52
-412	445	0	0.2	52
-397	446	1	0.2	53
-338	447	1	0.2	54
-388.5	448	1	0.2	54
-290.5	449	0	0.2	53
-210.5	450	1	0.2	54
-396	451	0	0.2	53
-427	452	0	0.2	53
-403.5	453	1	0.2	54
-448.5	454	0	0.2	53
-494.5	455	1	0.2	53
-317	456	0	0.2	52
-534	457	0	0.2	52
-272.5	458	1	0.2	52
-515.5	459	0	0.2	52
-208	460	1	0.2	52
-401.5	461	0	0.2	51
-495.5	462	0	0.2	50
-423	463	0	0.2	49
-310.5	464	1	0.2	49
-432.5	465	0	0.2	49
-443	466	0	0.2	48
-557	467	0	0.2	48
-426	468	0	0.2	48
-463.5	469	0	0.2	47
-307.5	470	1	0.2	48
-454.5	471	1	0.2	48
-483.5	472	0	0.2	47
-331.5	473	1	0.2	48
-411	474	1	0.2	48
-507.5	475	1	0.2	49
-332.5	476	1	0.2	50
-363.5	477	0	0.2	49
-378	478	1	0.2	49
-391	479	0	0.2	49
-293	480	1	0.2	49
-579	481	0	0.2	48
-432	482	0	0.2	47
-483.5	483	0	0.2	46
-205.6	484	1	0.2	46
-465.5	485	0	0.2	46
-680.5	486	1	0.2	47
-234	487	1	0.2	47
-296	488	1	0.2	48
-360	489	1	0.2	48
-472.2	490	1	0.2	48
-499.2	491	1	0.2	49
-475.5	492	0	0.2	48
-360.5	493	1	0.2	48
-250	494	1	0.2	49
-412	495	1	0.2	50
-398	496	1	0.2	50
-369	497	1	0.2	51
-299	498	1	0.2	52
-471.2	499	0	0.2	52
-432	500	1	0.2	53
-175	501	1	0.2	53
-355.5	502	0	0.2	53
-423.575	503	1	0.2	53
-67	504	1	0.2	54
-348	505	1	0.2	55
-484	506	0	0.2	55
-410	507	0	0.2	55
-205	508	1	0.2	56
-332.5	509	1	0.2	56
-447	510	1	0.2	56
-209	511	1	0.2	56
-470.5	512	0	0.2	56
-474.5	513	1	0.2	57
-589.625	514	0	0.2	56
-438	515	1	0.2	56
-455	516	0	0.2	55
-481.5	517	0	0.2	54
-273	518	1	0.2	55
-368	519	0	0.2	55
-341	520	1	0.2	56
-272.5	521	1	0.2	56
-427	522	1	0.2	56
-470.75	523	0	0.2	55
-392.5	524	0	0.2	55
-286	525	1	0.2	56
-474	526	0	0.2	55
-236	527	1	0.2	56
-414	528	0	0.2	56
-415	529	0	0.2	55
-331	530	1	0.2	55
-455	531	0	0.2	55
-325	532	1	0.2	56
-271.9	533	1	0.2	56
-442.5	534	0	0.2	56
-532.5	535	1	0.2	56
-515.5	536	0	0.2	56
-430	537	0	0.2	55
-239.5	538	1	0.2	55
-457.5	539	0	0.2	55
-422	540	0	0.2	54
-505.9	541	0	0.2	54
-529	542	0	0.2	53
-410.3	543	1	0.2	54
-428.5	544	1	0.2	54
-443	545	1	0.2	55
-396.5	546	1	0.2	55
-485.5	547	0	0.2	54
-281.5	548	1	0.2	54
-324	549	1	0.2	55
-481	550	0	0.2	54
-485.125	551	0	0.2	54
-337.5	552	0	0.2	54
-268.4	553	1	0.2	54
-235	554	1	0.2	55
-324	555	1	0.2	55
-426.5	556	0	0.2	55
-267	557	1	0.2	56
-368.5	558	1	0.2	56
-203	559	1	0.2	57
-489	560	0	0.2	56
-222.4	561	1	0.2	57
-302	562	1	0.2	58
-475.5	563	0	0.2	58
-409.5	564	1	0.2	58
-458.5	565	0	0.2	58
-334.5	566	1	0.2	59
-250.5	567	1	0.2	60
-219	568	1	0.2	61
-376.5	569	0	0.2	61
-311	570	1	0.2	61
-201.5	571	1	0.2	61
-213.5	572	1	0.2	62
-382.5	573	0	0.2	61
-397.5	574	0	0.2	60
-394.5	575	0	0.2	59
-480	576	1	0.2	59
-253	577	1	0.2	60
-286	578	1	0.2	60
-406.5	579	1	0.2	61
-497	580	1	0.2	61
-514	581	0	0.2	61
-466.25	582	0	0.2	61
-514.625	583	0	0.2	61
-373	584	0	0.2	60
-444	585	0	0.2	60
-298	586	1	0.2	60
-446.5	587	0	0.2	59
-213.5	588	1	0.2	59
-407	589	1	0.2	59
-514.5	590	0	0.2	58
-335.5	591	1	0.2	58
-455	592	0	0.2	58
-540.5	593	0	0.2	57
-328	594	0	0.2	56
-333.4	595	1	0.2	56
-240.5	596	1	0.2	56
-140	597	1	0.2	56
-289.5	598	1	0.2	56
-463.5	599	0	0.2	56
-424.3	600	0	0.2	55
-279	601	1	0.2	55
-207.5	602	1	0.2	56
-139.5	603	1	0.2	56
-496.5	604	0	0.2	55
-465.5	605	0	0.2	54
-425	606	0	0.2	54
-390.3	607	1	0.2	55
-231.5	608	1	0.2	55
-294	609	1	0.2	55
-275	610	1	0.2	55
-461.5	611	1	0.2	55
-461	612	1	0.2	56
-147	613	1	0.2	56
-349	614	0	0.2	56
-267	615	1	0.2	56
-382.5	616	1	0.2	57
-344	617	1	0.2	58
-562	618	0	0.2	57
-352.5	619	0	0.2	57
-312	620	1	0.2	57
-470.5	621	0	0.2	56
-447.5	622	1	0.2	56
-605	623	0	0.2	56
-513	624	0	0.2	56
-447.5	625	0	0.2	55
-428.5	626	0	0.2	55
-296	627	1	0.2	55
-211.5	628	1	0.2	56
-424.5	629	0	0.2	56
-445	630	1	0.2	56
-391	631	0	0.2	56
-579.5	632	0	0.2	55
-357.5	633	1	0.2	55
-488	634	1	0.2	56
-338	635	0	0.2	55
-442.5	636	0	0.2	55
-410	637	0	0.2	55
-378	638	1	0.2	55
-322.5	639	1	0.2	56
-526	640	0	0.2	56
-30.5	641	1	0.2	57
-506.875	642	0	0.2	57
-328.5	643	1	0.2	57
-270	644	1	0.2	57
-407	645	1	0.2	57
-270.5	646	1	0.2	57
-396.5	647	1	0.2	58
-420	648	0	0.2	57
-448.7	649	1	0.2	57
-512.6	650	1	0.2	58
-477.5	651	1	0.2	59
-497.5	652	1	0.2	60
-589.5	653	0	0.2	59
-373.75	654	0	0.2	58
-421	655	0	0.2	57
-43	656	1	0.2	58
-322	657	1	0.2	58
-300.5	658	0	0.2	57
-405.5	659	1	0.2	57
-86	660	1	0.2	58
-357.5	661	0	0.2	57
-254	662	1	0.2	57
-272.5	663	1	0.2	58
-398.5	664	1	0.2	58
-451.3	665	0	0.2	58
-339.5	666	1	0.2	58
-362.5	667	1	0.2	58
-411	668	1	0.2	58
-613.25	669	0	0.2	58
-547	670	0	0.2	57
-181	671	1	0.2	57
-221.5	672	1	0.2	57
-448.5	673	0	0.2	57
-471	674	0	0.2	57
-461.4	675	0	0.2	57
-388	676	1	0.2	57
-492	677	0	0.2	56
-208	678	1	0.2	56
-523.5	679	0	0.2	55
-454	680	0	0.2	54
-232.5	681	1	0.2	55
-456.5	682	0	0.2	55
-390	683	0	0.2	55
-430	684	0	0.2	55
-274.5	685	1	0.2	56
-316	686	1	0.2	56
-579.125	687	0	0.2	56
-451	688	1	0.2	56
-429	689	0	0.2	55
-272.5	690	1	0.2	56
-250.5	691	1	0.2	56
-324	692	1	0.2	57
-279.5	693	1	0.2	58
-478.5	694	1	0.2	59
-316	695	1	0.2	59
-262.5	696	1	0.2	59
-545.3	697	1	0.2	59
-344.5	698	1	0.2	59
-215	699	1	0.2	60
-304	700	1	0.2	61
-328.5	701	1	0.2	61
-441.5	702	1	0.2	61
-359	703	1	0.2	61
-517	704	0	0.2	61
-189	705	1	0.2	62
-176.5	706	1	0.2	63
-311.5	707	1	0.2	63
-351	708	1	0.2	63
-276.5	709	1	0.2	63
-435	710	0	0.2	62
-343	711	1	0.2	62
-223	712	1	0.2	62
-293.75	713	0	0.2	61
-397	714	1	0.2	62
-362.5	715	0	0.2	61
-343	716	1	0.2	61
-235	717	1	0.2	61
-476.7	718	0	0.2	61
-341	719	0	0.2	61
-428.5	720	0	0.2	60
-388	721	0	0.2	60
-332	722	1	0.2	60
-387	723	1	0.2	61
-372	724	1	0.2	62
-512	725	0	0.2	62
-453	726	0	0.2	62
-447	727	0	0.2	61
-381.5	728	1	0.2	61
-456	729	0	0.2	61
-458.5	730	1	0.2	61
-373.5	731	1	0.2	62
-281	732	1	0.2	63
-397.5	733	0	0.2	62
-302	734	1	0.2	62
-402	735	0	0.2	62
-434	736	1	0.2	63
-465.875	737	0	0.2	63
-111.5	738	1	0.2	63
-280.5	739	1	0.2	63
-490.5	740	0	0.2	63
-403	741	1	0.2	63
-366	742	0	0.2	63
-262	743	1	0.2	63
-435.5	744	0	0.2	62
-269	745	1	0.2	62
-365.5	746	1	0.2	62
-357	747	0	0.2	61
-153.5	748	1	0.2	62
-367.5	749	0	0.2	61
-298	750	1	0.2	61
-317.5	751	1	0.2	61
-139.5	752	1	0.2	61
-252	753	1	0.2	62
-320.5	754	1	0.2	63
-371	755	0	0.2	63
-230.5	756	1	0.2	63
-464.5	757	0	0.2	62
-468	758	1	0.2	63
-420.5	759	0	0.2	62
-511.5	760	0	0.2	61
-504.5	761	0	0.2	61
-341	762	0	0.2	60
-252.5	763	1	0.2	60
-15.5	764	1	0.2	60
-231	765	1	0.2	61
-199.5	766	1	0.2	61
-348.5	767	0	0.2	60
-245	768	1	0.2	60
-338.5	769	1	0.2	61
-474	770	0	0.2	61
-480	771	1	0.2	61
-321	772	1	0.2	61
-584.5	773	0	0.2	61
-491	774	0	0.2	61
-377.5	775	1	0.2	62
-326.5	776	1	0.2	62
-292.2	777	1	0.2	63
-323.5	778	1	0.2	63
-398.4	779	1	0.2	64
-424.5	780	0	0.2	64
-300	781	0	0.2	63
-554.5	782	0	0.2	63
-213	783	1	0.2	64
-488.375	784	0	0.2	64
-399	785	1	0.2	64
-242.5	786	1	0.2	64
-333	787	1	0.2	65
-480.5	788	0	0.2	64
-340.5	789	1	0.2	65
-360.5	790	1	0.2	65
-354.5	791	1	0.2	65
-399.75	792	0	0.2	64
-274.5	793	0	0.2	63
-210.5	794	1	0.2	63
-469.5	795	1	0.2	63
-274	796	1	0.2	63
-265.5	797	1	0.2	63
-308	798	1	0.2	63
-356.5	799	0	0.2	62
-379	800	1	0.2	62
-157.5	801	1	0.2	62
-153	802	1	0.2	62
-368.5	803	0	0.2	61
-452.5	804	1	0.2	62
-596.5	805	1	0.2	62
-297.5	806	1	0.2	62
-421	807	1	0.2	62
-416.5	808	1	0.2	62
-417.5	809	1	0.2	62
-221	810	1	0.2	63
-427	811	0	0.2	62
-396.5	812	0	0.2	61
-420.5	813	0	0.2	61
-367	814	1	0.2	61
-530	815	0	0.2	61
-223.5	816	1	0.2	61
-451	817	1	0.2	61
-156.5	818	1	0.2	62
-676.5	819	0	0.2	62
-318.5	820	1	0.2	63
-364.5	821	1	0.2	64
-413.5	822	0	0.2	63
-431	823	1	0.2	63
-444.5	824	0	0.2	62
-135.5	825	1	0.2	63
-334	826	1	0.2	64
-372.1	827	1	0.2	65
-400.5	828	0	0.2	64
-97.5	829	1	0.2	65
-373	830	1	0.2	65
-363	831	1	0.2	65
-562.5	832	0	0.2	64
-346.5	833	0	0.2	64
-150.5	834	1	0.2	64
-487	835	0	0.2	64
-382.5	836	0	0.2	63
-383.2	837	0	0.2	63
-174.5	838	1	0.2	63
-292.5	839	1	0.2	63
-394	840	0	0.2	63
-658.5	841	0	0.2	62
-424.5	842	0	0.2	62
-284.7	843	1	0.2	62
-323	844	1	0.2	63
-245.5	845	1	0.2	63
-372	846	1	0.2	63
-259	847	1	0.2	64
-417	848	0	0.2	63
-217.5	849	1	0.2	64
-389	850	1	0.2	64
-483	851	0	0.2	63
-356	852	1	0.2	63
-538.75	853	0	0.2	62
-243.5	854	1	0.2	62
-443.5	855	1	0.2	63
-605	856	0	0.2	62
-303.5	857	1	0.2	63
-324	858	1	0.2	63
-300	859	1	0.2	64
-262	860	1	0.2	65
-416.5	861	1	0.2	66
-149.5	862	1	0.2	67
-325	863	1	0.2	67
-454.3	864	0	0.2	66
-439.5	865	1	0.2	66
-234	866	1	0.2	66
-244	867	1	0.2	67
-471	868	0	0.2	66
-267.5	869	1	0.2	66
-427	870	1	0.2	67
-571.5	871	0	0.2	66
-367.5	872	1	0.2	66
-541.5	873	0	0.2	66
-245	874	1	0.2	67
-436.5	875	0	0.2	66
-463	876	1	0.2	66
-322.5	877	1	0.2	66
-455	878	0	0.2	65
-257	879	1	0.2	65
-360.5	880	1	0.2	66
-155	881	1	0.2	67
-440.5	882	1	0.2	68
-350.5	883	1	0.2	68
-317.5	884	1	0.2	69
-494.5	885	0	0.2	68
-297.5	886	1	0.2	68
-192.5	887	1	0.2	68
-467	888	1	0.2	69
-315.5	889	1	0.2	69
-466.5	890	0	0.2	68
-352.5	891	1	0.2	68
-304	892	1	0.2	69
-456.5	893	1	0.2	70
-455.5	894	1	0.2	70
-587.5	895	0	0.2	69
-429.5	896	1	0.2	69
-442.5	897	0	0.2	68
-457.5	898	0	0.2	67
-351.5	899	1	0.2	68
-416.5	900	0	0.2	67
-298	901	1	0.2	67
-226	902	1	0.2	67
-292.5	903	1	0.2	68
-247	904	1	0.2	68
-493.5	905	0	0.2	67
-432.5	906	0	0.2	66
-363.5	907	0	0.2	65
-158	908	1	0.2	65
-498	909	0	0.2	64
-356.5	910	1	0.2	64
-374.5	911	1	0.2	65
-287.5	912	1	0.2	66
-363.5	913	1	0.2	67
-243.5	914	1	0.2	67
-200	915	1	0.2	68
-481	916	0	0.2	67
-338	917	0	0.2	66
-352.8	918	1	0.2	66
-296	919	1	0.2	67
-480.5	920	0	0.2	66
-341	921	1	0.2	66
-169.7	922	1	0.2	67
-115.5	923	1	0.2	67
-500.5	924	1	0.2	68
-340	925	1	0.2	68
-373.625	926	0	0.2	67
-371	927	0	0.2	66
-506	928	1	0.2	67
-171.5	929	1	0.2	67
-347	930	1	0.2	67
-487	931	0	0.2	66
-438.5	932	0	0.2	66
-186.5	933	1	0.2	67
-401.5	934	0	0.2	66
-431	935	1	0.2	67
-461.5	936	1	0.2	68
-496.75	937	0	0.2	68
-452	938	0	0.2	67
-341	939	1	0.2	67
-438.5	940	0	0.2	67
-652	941	1	0.2	68
-483.5	942	0	0.2	68
-389.5	943	0	0.2	67
-478	944	0	0.2	66
-304.5	945	1	0.2	66
-434	946	0	0.2	65
-132	947	1	0.2	65
-453	948	0	0.2	65
-481.5	949	0	0.2	64
-431.5	950	1	0.2	64
-380.5	951	1	0.2	65
-387	952	0	0.2	64
-469.5	953	1	0.2	65
-199	954	1	0.2	65
-390.5	955	1	0.2	65
-443	956	1	0.2	66
-369.5	957	1	0.2	66
-488.5	958	0	0.2	65
-152	959	1	0.2	65
-364.5	960	1	0.2	65
-387.75	961	0	0.2	64
-428	962	0	0.2	63
-409.5	963	0	0.2	62
-403	964	0	0.2	62
-494	965	1	0.2	62
-381.5	966	1	0.2	62
-531	967	0	0.2	61
-255.5	968	1	0.2	62
-173.5	969	1	0.2	62
-380.25	970	0	0.2	61
-564.5	971	1	0.2	62
-264.5	972	1	0.2	62
-419	973	1	0.2	63
-108.5	974	1	0.2	63
-162.7	975	1	0.2	64
-128.5	976	1	0.2	64
-332.5	977	0	0.2	63
-363.5	978	1	0.2	64
-387.5	979	1	0.2	64
-405.5	980	0	0.2	63
-346.5	981	0	0.2	62
-516	982	0	0.2	61
-423	983	0	0.2	60
-443	984	1	0.2	60
-178.7	985	1	0.2	61
-447	986	0	0.2	60
-408.5	987	1	0.2	60
-447	988	0	0.2	59
-370	989	0	0.2	58
-480	990	0	0.2	58
-315	991	1	0.2	58
-518.5	992	1	0.2	58
-208	993	1	0.2	58
-301	994	1	0.2	58
-306	995	1	0.2	59
-469.5	996	1	0.2	59
-441.7	997	0	0.2	59
-423.5	998	1	0.2	60
-366.75	999	0	0.2	59
-292.5	1000	1	0.2	60
-256.5	1001	1	0.2	60
-308	1002	1	0.2	60
-381.5	1003	1	0.2	60
-499.5	1004	1	0.2	60
-320	1005	1	0.2	61
-452.5	1006	0	0.2	61
-348.5	1007	1	0.2	62
-177	1008	1	0.2	62
-551.5	1009	0	0.2	62
-247.5	1010	1	0.2	62
-274.5	1011	1	0.2	62
-479	1012	0	0.2	61
-254.5	1013	1	0.2	61
-195	1014	1	0.2	61
-379.5	1015	0	0.2	60
-456.5	1016	0	0.2	60
-412	1017	0	0.2	60
-305.5	1018	1	0.2	60
-476.5	1019	0	0.2	59
-396	1020	0	0.2	59
-367.5	1021	1	0.2	59
-413.5	1022	1	0.2	59
-213.5	1023	1	0.2	59
-223	1024	1	0.2	59
-300.5	1025	1	0.2	59
-414	1026	1	0.2	60
-472.5	1027	1	0.2	61
-451	1028	1	0.2	61
-325	1029	1	0.2	61
-288.5	1030	1	0.2	61
-346	1031	1	0.2	62
-140.5	1032	1	0.2	63
-427.75	1033	0	0.2	62
-482	1034	0	0.2	62
-517.5	1035	1	0.2	62
-277.5	1036	1	0.2	62
-388	1037	1	0.2	63
-272.7	1038	1	0.2	64
-486.5	1039	1	0.2	64
-349.5	1040	1	0.2	65
-410.5	1041	0	0.2	64
-391.5	1042	1	0.2	65
-448	1043	0	0.2	65
-241.5	1044	1	0.2	66
-368.5	1045	1	0.2	66
-385	1046	1	0.2	67
-242.5	1047	1	0.2	67
-479.5	1048	1	0.2	68
-340.5	1049	1	0.2	69
-342.5	1050	1	0.2	69
-424.5	1051	0	0.2	68
-427	1052	0	0.2	68
-378	1053	0	0.2	67
-457	1054	0	0.2	66
-511	1055	0	0.2	65
-454	1056	0	0.2	64
-492.5	1057	0	0.2	63
-280.5	1058	1	0.2	64
-370	1059	0	0.2	63
-305.5	1060	1	0.2	63
-343	1061	0	0.2	63
-76.5	1062	1	0.2	64
-477.5	1063	0	0.2	64
-363	1064	1	0.2	65
-286.5	1065	1	0.2	65
-441	1066	0	0.2	64
-537	1067	0	0.2	64
-203	1068	1	0.2	64
-504	1069	0	0.2	63
-465.5	1070	1	0.2	64
-233.5	1071	1	0.2	64
-345	1072	1	0.2	64
-374.5	1073	1	0.2	64
27.5	1074	1	0.2	64
-189	1075	1	0.2	64
-435.5	1076	0	0.2	63
-539.75	1077	0	0.2	63
-374	1078	1	0.2	63
-461.5	1079	0	0.2	62
-201	1080	1	0.2	63
-354	1081	1	0.2	64
-303.5	1082	1	0.2	65
-416	1083	1	0.2	66
-473.5	1084	0	0.2	65
-359	1085	1	0.2	65
-245.5	1086	1	0.2	66
-526.5	1087	0	0.2	65
-230.7	1088	1	0.2	66
-342	1089	1	0.2	67
-452.5	1090	0	0.2	67
-497.5	1091	1	0.2	67
-474.5	1092	0	0.2	66
-419	1093	0	0.2	65
-481	1094	0	0.2	64
-506	1095	0	0.2	63
-519	1096	0	0.2	62
-399	1097	1	0.2	63
-106.5	1098	1	0.2	63
-372	1099	0	0.2	63
-486	1100	1	0.2	63
-460	1101	0	0.2	62
-479.5	1102	0	0.2	61
-460	1103	0	0.2	60
-88	1104	1	0.2	60
-477.5	1105	1	0.2	60
-367.7	1106	1	0.2	61
-253	1107	1	0.2	61
-643.5	1108	1	0.2	61
-410.5	1109	0	0.2	61
-468	1110	0	0.2	60
-539.5	1111	0	0.2	59
-158.5	1112	1	0.2	60
-415	1113	0	0.2	59
-188	1114	1	0.2	59
-294.5	1115	0	0.2	59
-305.5	1116	1	0.2	60
-340.8	1117	0	0.2	60
-288.5	1118	1	0.2	60
-506	1119	0	0.2	60
-455.25	1120	0	0.2	60
-354.5	1121	0	0.2	59
-363	1122	0	0.2	58
-415.5	1123	0	0.2	57
-511	1124	0	0.2	56
-398	1125	1	0.2	56
-418	1126	1	0.2	56
-370.5	1127	0	0.2	55
-458.5	1128	0	0.2	54
-352.5	1129	1	0.2	54
-519.5	1130	0	0.2	53
-302.5	1131	1	0.2	53
-380.5	1132	0	0.2	52
-367	1133	1	0.2	53
-377	1134	1	0.2	54
-361.5	1135	1	0.2	54
-376.5	1136	1	0.2	54
-396.5	1137	1	0.2	54
-444.5	1138	0	0.2	53
-376.2	1139	1	0.2	53
-384.5	1140	1	0.2	53
-355.5	1141	1	0.2	54
-457.5	1142	0	0.2	53
-52.5	1143	1	0.2	54
-469.5	1144	1	0.2	54
-321.5	1145	1	0.2	54
-571	1146	0	0.2	53
-47	1147	1	0.2	53
-159.5	1148	1	0.2	53
-340.5	1149	1	0.2	53
-185	1150	1	0.2	53
-547.75	1151	0	0.2	53
-213	1152	1	0.2	54
-433	1153	0	0.2	54
-301.5	1154	1	0.2	55
-518.5	1155	0	0.2	55
-272	1156	1	0.2	56
-307.5	1157	1	0.2	57
-462	1158	0	0.2	56
-470.5	1159	0	0.2	56
-442.5	1160	0	0.2	55
-252.5	1161	1	0.2	56
-415.5	1162	0	0.2	55
-470.625	1163	0	0.2	55
-552	1164	0	0.2	54
-436.5	1165	0	0.2	53
-381	1166	1	0.2	54
-358	1167	1	0.2	55
-457.5	1168	0	0.2	54
-423.5	1169	0	0.2	54
-426	1170	0	0.2	53
-398.5	1171	1	0.2	53
-263	1172	1	0.2	53
-324	1173	1	0.2	53
-419	1174	0	0.2	52
-453.5	1175	0	0.2	51
-337	1176	0	0.2	51
-321.6	1177	1	0.2	52
-189.5	1178	1	0.2	52
-225.5	1179	1	0.2	53
-394.5	1180	1	0.2	53
-448.5	1181	1	0.2	53
-480	1182	1	0.2	53
-405	1183	0	0.2	52
-243	1184	1	0.2	53
-475	1185	0	0.2	52
-434.5	1186	1	0.2	52
-315	1187	1	0.2	53
-511.5	1188	1	0.2	53
-158	1189	1	0.2	53
-366.4	1190	1	0.2	54
-339.359375	1191	0	0.2	53
-318	1192	1	0.2	54
-405.5	1193	0	0.2	54
-363.5	1194	1	0.2	55
-372.5	1195	0	0.2	55
-387.5	1196	0	0.2	55
-264	1197	1	0.2	55
-451	1198	0	0.2	54
-164	1199	1	0.2	55
-398	1200	1	0.2	55
-461.5	1201	0	0.2	55
-470.5	1202	0	0.2	55
-476	1203	0	0.2	55
-450.5	1204	0	0.2	54
-404.5	1205	1	0.2	54
-465.5	1206	0	0.2	53
-340	1207	1	0.2	53
-436	1208	1	0.2	53
-267	1209	1	0.2	54
-436.5	1210	0	0.2	54
-274.5	1211	1	0.2	55
-417	1212	1	0.2	55
-424	1213	0	0.2	55
-240.5	1214	1	0.2	55
-407	1215	0	0.2	55
-436	1216	0	0.2	54
-326	1217	1	0.2	55
-359.5	1218	1	0.2	55
-389	1219	0	0.2	55
-135.5	1220	1	0.2	56
-433	1221	1	0.2	57
-248.5	1222	1	0.2	58
-374.75	1223	0	0.2	58
-391.5	1224	1	0.2	59
-506.25	1225	0	0.2	58
-439	1226	1	0.2	58
-322.3	1227	1	0.2	59
-230.5	1228	1	0.2	60
-206	1229	1	0.2	60
-461.5	1230	0	0.2	60
-394	1231	1	0.2	60
-570.5	1232	1	0.2	61
-474	1233	0	0.2	60
-336.2	1234	0	0.2	59
-254.5	1235	1	0.2	59
-365	1236	1	0.2	59
-408.5	1237	0	0.2	58
-504	1238	0	0.2	58
-272.5	1239	1	0.2	58
-195	1240	1	0.2	58
-451.3	1241	1	0.2	58
-334.5	1242	1	0.2	59
-457	1243	0	0.2	58
-360.9	1244	0	0.2	57
-356.5	1245	1	0.2	57
-223	1246	1	0.2	58
-356	1247	0	0.2	57
-282.5	1248	1	0.2	57
-443.5	1249	1	0.2	57
-332.5	1250	1	0.2	57
-296	1251	1	0.2	58
-336	1252	1	0.2	58
-362.5	1253	1	0.2	59
-402.5	1254	1	0.2	59
-298.5	1255	1	0.2	60
-464	1256	1	0.2	60
-442	1257	1	0.2	60
-409	1258	1	0.2	61
-279.5	1259	1	0.2	62
-512.7	1260	0	0.2	62
-415	1261	0	0.2	61
-448	1262	0	0.2	61
-419.5	1263	0	0.2	61
-307	1264	1	0.2	62
-446	1265	1	0.2	63
-590	1266	0	0.2	62
-635	1267	0	0.2	61
-534	1268	0	0.2	61
-159.5	1269	1	0.2	62
-510.5	1270	0	0.2	62
-75.5	1271	1	0.2	62
-313	1272	1	0.2	62
-462.5	1273	1	0.2	62
-205.5	1274	1	0.2	63
-217.5	1275	1	0.2	64
-406.5	1276	0	0.2	64
-151	1277	1	0.2	64
-389.5	1278	0	0.2	63
-426.5	1279	1	0.2	63
-243	1280	1	0.2	63
-261	1281	1	0.2	63
-295	1282	1	0.2	63
-451.5	1283	0	0.2	63
-427	1284	0	0.2	62
-350	1285	1	0.2	63
-180	1286	1	0.2	63
-483	1287	0	0.2	62
-525	1288	0	0.2	61
-124	1289	1	0.2	61
-303	1290	1	0.2	61
-460	1291	0	0.2	61
-434.8	1292	1	0.2	61
-346.5	1293	1	0.2	62
-278.5	1294	1	0.2	62
-316	1295	1	0.2	63
-478.5	1296	1	0.2	64
-266	1297	1	0.2	64
-512.5	1298	1	0.2	65
-432	1299	0	0.2	64
-520	1300	0	0.2	63
-340.5	1301	1	0.2	64
-407	1302	0	0.2	64
-251	1303	1	0.2	65
-435	1304	0	0.2	65
-554	1305	0	0.2	64
-540.5	1306	0	0.2	64
-173.5	1307	1	0.2	64
-321.5	1308	0	0.2	63
-467	1309	0	0.2	62
-258.5	1310	1	0.2	63
-367	1311	1	0.2	63
-347.5	1312	1	0.2	63
-336.5	1313	1	0.2	64
-336	1314	0	0.2	63
-452.5	1315	1	0.2	64
-376	1316	1	0.2	65
-421	1317	1	0.2	65
-578.5	1318	0	0.2	64
-452.3	1319	1	0.2	65
-320	1320	0	0.2	64
-454.625	1321	0	0.2	63
-156	1322	1	0.2	63
-243	1323	1	0.2	64
-139.5	1324	1	0.2	64
-251.5	1325	1	0.2	65
-395.5	1326	1	0.2	65
-432.5	1327	1	0.2	65
-254	1328	1	0.2	65
-278.5	1329	1	0.2	65
-452.5	1330	0	0.2	65
-330.5	1331	1	0.2	65
-134.5	1332	1	0.2	65
-290	1333	1	0.2	66
-455	1334	0	0.2	66
-215.5	1335	1	0.2	66
-297	1336	1	0.2	66
-465	1337	0	0.2	66
-563.5	1338	0	0.2	66
-181.5	1339	1	0.2	66
-401	1340	1	0.2	66
-476	1341	1	0.2	66
-91.5	1342	1	0.2	66
-319	1343	1	0.2	67
-353.5	1344	1	0.2	68
-490.5	1345	0	0.2	67
-499.375	1346	0	0.2	66
-309	1347	1	0.2	67
-408	1348	1	0.2	67
-502	1349	0	0.2	66
-379.5	1350	0	0.2	65
-354	1351	0	0.2	64
-205	1352	1	0.2	64
-289.5	1353	1	0.2	64
-221.5	1354	1	0.2	64
-347	1355	0	0.2	63
-510.5	1356	0	0.2	62
-259.5	1357	1	0.2	62
-606.5	1358	0	0.2	61
-460.5	1359	0	0.2	60
-398	1360	1	0.2	61
-475.5	1361	0	0.2	61
-346	1362	0	0.2	61
-546	1363	0	0.2	61
-511	1364	0	0.2	60
-486.75	1365	0	0.2	59
-445.5	1366	0	0.2	59
-374.5	1367	0	0.2	59
-559.5	1368	0	0.2	59
-503.5	1369	0	0.2	58
-431.15	1370	0	0.2	58
-443.875	1371	0	0.2	57
-160	1372	1	0.2	57
-484.5	1373	0	0.2	56
-284.5	1374	1	0.2	56
-222	1375	1	0.2	56
-333	1376	0	0.2	56
-254.5	1377	1	0.2	56
-427.5	1378	1	0.2	57
-492	1379	1	0.2	57
-386.5	1380	0	0.2	56
-378	1381	0	0.2	55
-270.5	1382	1	0.2	55
-189	1383	1	0.2	56
-421.5	1384	0	0.2	56
-304.6	1385	0	0.2	55
-416.5	1386	0	0.2	54
-369.5	1387	1	0.2	55
-428.5	1388	0	0.2	55
-209	1389	1	0.2	55
-526.5	1390	0	0.2	54
-364.5	1391	0	0.2	54
-319	1392	1	0.2	54
-314.5	1393	1	0.2	54
-459.5	1394	0	0.2	53
-496.5	1395	1	0.2	53
-344.5	1396	1	0.2	53
-56.5	1397	1	0.2	53
-324	1398	1	0.2	53
-460.5	1399	0	0.2	53
-286	1400	1	0.2	54
-306	1401	1	0.2	54
-312.5	1402	1	0.2	55
-327	1403	1	0.2	55
-403	1404	0	0.2	55
-499.5	1405	1	0.2	56
-406.5	1406	1	0.2	57
-493	1407	0	0.2	56
-374.5	1408	1	0.2	57
-458.5	1409	0	0.2	57
-210.5	1410	1	0.2	57
-441.5	1411	0	0.2	56
-422	1412	0	0.2	55
-218	1413	1	0.2	55
-269	1414	1	0.2	56
-301.5	1415	1	0.2	56
-416.5	1416	0	0.2	55
-418	1417	0	0.2	54
-377	1418	0	0.2	54
-309	1419	1	0.2	54
-364.1	1420	1	0.2	55
-362	1421	1	0.2	56
-458.5	1422	0	0.2	55
-490.5	1423	0	0.2	54
-295.5	1424	1	0.2	54
-385	1425	1	0.2	54
-396	1426	1	0.2	54
-358	1427	1	0.2	54
-526.625	1428	0	0.2	53
-346.8828125	1429	0	0.2	52
-444	1430	1	0.2	53
-535.5	1431	0	0.2	52
-464.5	1432	1	0.2	52
-468.5	1433	1	0.2	52
-157.5	1434	1	0.2	53
-257	1435	1	0.2	53
-387	1436	1	0.2	53
-341.5	1437	0	0.2	53
-459.5	1438	1	0.2	54
-203	1439	1	0.2	54
-329.5	1440	1	0.2	54
-124	1441	1	0.2	54
-279.5	1442	1	0.2	54
-284.5	1443	1	0.2	54
-434.5	1444	0	0.2	53
-379	1445	1	0.2	54
-421.5	1446	1	0.2	55
-236	1447	1	0.2	55
-266	1448	1	0.2	55
-508.5	1449	1	0.2	56
-178	1450	1	0.2	57
-173.5	1451	1	0.2	58
-480	1452	0	0.2	57
-385.5	1453	1	0.2	57
-434.5	1454	0	0.2	56
-587.5	1455	0	0.2	56
-357	1456	0	0.2	56
-371	1457	1	0.2	56
-449.5	1458	0	0.2	56
-338	1459	0	0.2	56
-382	1460	1	0.2	56
-470.7	1461	0	0.2	56
-273	1462	1	0.2	57
-144	1463	1	0.2	58
-517.5	1464	0	0.2	58
-406	1465	0	0.2	58
-395.5	1466	0	0.2	58
-489	1467	0	0.2	58
-407.5	1468	1	0.2	59
-335	1469	1	0.2	60
-523.5	1470	0	0.2	60
-275.5	1471	1	0.2	61
-432.7	1472	1	0.2	61
-389.5	1473	0	0.2	61
-498.5	1474	0	0.2	60
-393.5	1475	0	0.2	59
-501	1476	0	0.2	59
-489.15	1477	1	0.2	59
-236	1478	1	0.2	59
-377.75	1479	0	0.2	58
-206	1480	1	0.2	59
-524.5	1481	0	0.2	59
-521.5	1482	0	0.2	58
-422.5	1483	1	0.2	58
-411.625	1484	0	0.2	58
-276	1485	1	0.2	59
-260	1486	1	0.2	60
-443.5	1487	1	0.2	60
-427	1488	0	0.2	60
-589.5	1489	0	0.2	59
-381	1490	1	0.2	60
-391.5	1491	0	0.2	60
-337.5	1492	1	0.2	60
-422	1493	1	0.2	60
-387	1494	1	0.2	61
-153.5	1495	1	0.2	61
-505	1496	0	0.2	60
-506	1497	1	0.2	60
-418	1498	0	0.2	59
-258.5	1499	1	0.2	60
-472.5	1500	0	0.2	59
-353	1501	1	0.2	59
-420.5	1502	0	0.2	58
-525	1503	0	0.2	57
-474.5	1504	0	0.2	57
-440.5	1505	0	0.2	56
-237.5	1506	1	0.2	56
-538	1507	0	0.2	56
-475	1508	0	0.2	55
-149.5	1509	1	0.2	56
-406	1510	0	0.2	55
-703	1511	0	0.2	55
-244.5	1512	1	0.2	56
-398.5	1513	0	0.2	55
-452.5	1514	0	0.2	54
-490.5	1515	1	0.2	54
-262.5	1516	1	0.2	55
-332.5	1517	1	0.2	56
-270.5	1518	1	0.2	57
-516	1519	0	0.2	56
-33.5	1520	1	0.2	56
-467.5	1521	0	0.2	55
-316	1522	1	0.2	56
-270.5	1523	1	0.2	57
-513.5	1524	0	0.2	56
-335.5	1525	1	0.2	56
-414.5	1526	1	0.2	56
-233	1527	1	0.2	56
-284.5	1528	1	0.2	57
-177.5	1529	1	0.2	58
-528.5	1530	0	0.2	57
-466.5	1531	0	0.2	57
-390.5	1532	1	0.2	57
-377.5	1533	0	0.2	56
-344.5	1534	1	0.2	56
-375.5	1535	1	0.2	56
-395.5	1536	1	0.2	56
-264	1537	1	0.2	57
-499.5	1538	1	0.2	57
-358	1539	1	0.2	57
-304	1540	1	0.2	57
-289	1541	1	0.2	57
-431	1542	0	0.2	56
-319	1543	1	0.2	56
-498	1544	0	0.2	56
-392	1545	1	0.2	56
-300.5	1546	1	0.2	56
-457.75	1547	0	0.2	55
-300	1548	0	0.2	54
-159	1549	1	0.2	54
-373.5	1550	0	0.2	53
-357	1551	1	0.2	53
-451.5	1552	0	0.2	53
-413.5	1553	1	0.2	53
-428.5	1554	0	0.2	53
-390	1555	1	0.2	54
-254.5	1556	1	0.2	55
-342.5	1557	1	0.2	55
-457.5	1558	0	0.2	55
-486.5	1559	0	0.2	55
-471.5	1560	0	0.2	54
-365	1561	0	0.2	54
-402	1562	1	0.2	54
-591	1563	0	0.2	53
-513.5	1564	1	0.2	54
-515	1565	0	0.2	54
-316	1566	1	0.2	55
-327	1567	1	0.2	56
-90.5	1568	1	0.2	56
-383	1569	1	0.2	56
-375.5	1570	1	0.2	57
-447.5	1571	0	0.2	56
-420.25	1572	0	0.2	55
-426.5	1573	1	0.2	56
-308	1574	1	0.2	57
-354.5	1575	1	0.2	58
-354.4	1576	1	0.2	59
-470.5	1577	0	0.2	58
-403.5	1578	0	0.2	57
-445.125	1579	0	0.2	57
-256.5	1580	1	0.2	57
-688	1581	0	0.2	57
-402.5	1582	1	0.2	58
-424.5	1583	0	0.2	57
-389	1584	1	0.2	58
-205	1585	1	0.2	58
-479.5	1586	1	0.2	58
-128.5	1587	1	0.2	58
-449.375	1588	0	0.2	58
-375.5	1589	0	0.2	58
-417.5	1590	1	0.2	58
-378	1591	0	0.2	58
-222.5	1592	1	0.2	58
-408.5	1593	1	0.2	58
-437.5	1594	1	0.2	58
15	1595	1	0.2	58
-406	1596	1	0.2	59
-374.5	1597	1	0.2	59
-164.5	1598	1	0.2	60
-531.125	1599	0	0.2	59
-374	1600	1	0.2	60
-464.5	1601	1	0.2	60
-373.5	1602	0	0.2	60
-428	1603	1	0.2	61
-369	1604	0	0.2	61
-481	1605	0	0.2	61
-390	1606	0	0.2	60
-528.5	1607	0	0.2	60
-403.5	1608	1	0.2	61
-387	1609	1	0.2	61
-498.25	1610	0	0.2	61
-393.5	1611	1	0.2	62
-363.5	1612	0	0.2	61
-464.5	1613	0	0.2	61
-396	1614	1	0.2	62
-324.5	1615	1	0.2	62
-499.5	1616	1	0.2	62
-499.5	1616	0	0.2	61
-487	1617	1	0.2	61
-389.5	1618	0	0.2	61
-423.5	1619	0	0.2	60
-164	1620	1	0.2	61
-422	1621	0	0.2	60
-255.5	1622	1	0.2	60
-323	1623	1	0.2	61
-462	1624	1	0.2	61
-485.5	1625	0	0.2	60
-211	1626	1	0.2	60
-407.5	1627	0	0.2	59
-465.5	1628	0	0.2	58
-377.5	1629	0	0.2	58
-399.5	1630	0	0.2	58
-371	1631	1	0.2	58
-375	1632	1	0.2	59
-344.75	1633	0	0.2	58
-507.75	1634	0	0.2	57
-246.5	1635	1	0.2	57
-427.5	1636	0	0.2	56
-524	1637	0	0.2	55
-574.5	1638	1	0.2	55
-378	1639	1	0.2	55
-280	1640	1	0.2	55
-387.5	1641	1	0.2	56
-244	1642	1	0.2	56
-314.5	1643	1	0.2	57
-477	1644	1	0.2	57
-463	1645	1	0.2	57
-511	1646	0	0.2	57
-452	1647	1	0.2	58
-78	1648	1	0.2	58
-163	1649	1	0.2	59
-535	1650	0	0.2	58
-449	1651	1	0.2	59
-589	1652	0	0.2	58
-467.5	1653	0	0.2	58
-152	1654	1	0.2	58
-428.5	1655	0	0.2	57
-512.5	1656	1	0.2	57
-441	1657	1	0.2	58
-484	1658	1	0.2	59
-392.5	1659	1	0.2	60
-446.5	1660	0	0.2	60
-477.5	1661	0	0.2	59
-329.5	1662	1	0.2	60
-363.5	1663	0	0.2	59
-392.5	1664	1	0.2	60
-475	1665	1	0.2	60
-318.375	1666	0	0.2	59
-530	1667	1	0.2	59
-380.5	1668	0	0.2	58
-287	1669	1	0.2	58
-190.5	1670	1	0.2	59
-422	1671	1	0.2	60
-299.5	1672	1	0.2	60
-408.5	1673	1	0.2	60
-144	1674	1	0.2	60
-405.375	1675	0	0.2	59
-232.5	1676	1	0.2	60
-318	1677	1	0.2	61
-288.5	1678	1	0.2	62
-396.5	1679	1	0.2	62
-398.5	1680	0	0.2	62
-411	1681	1	0.2	62
-368	1682	0	0.2	62
-390	1683	0	0.2	61
-328	1684	0	0.2	60
-352.5	1685	0	0.2	59
-434	1686	1	0.2	59
-363	1687	0	0.2	59
-431	1688	0	0.2	59
-420	1689	0	0.2	58
-360.5	1690	1	0.2	59
-456.1	1691	1	0.2	59
-487	1692	1	0.2	59
-196.5	1693	1	0.2	59
-562	1694	0	0.2	58
-293	1695	1	0.2	58
-429.5	1696	1	0.2	58
-156.5	1697	1	0.2	58
-260.5	1698	1	0.2	59
-481.7	1699	0	0.2	58
-196.5	1700	1	0.2	58
-418.5	1701	1	0.2	59
-357.5	1702	1	0.2	59
-440	1703	0	0.2	59
-219.7	1704	1	0.2	60
-555.5	1705	1	0.2	61
-394.5	1706	0	0.2	61
-429.25	1707	0	0.2	60
-269.5	1708	1	0.2	60
-413.5	1709	1	0.2	61
-417.5	1710	0	0.2	60
-307.5	1711	1	0.2	61
-385	1712	1	0.2	62
-337	1713	1	0.2	62
-452	1714	0	0.2	61
-501	1715	0	0.2	60
-373	1716	1	0.2	61
-467.5	1717	0	0.2	60
-561	1718	0	0.2	60
-363	1719	0	0.2	60
-396.125	1720	0	0.2	59
-523	1721	0	0.2	59
-525.5	1722	0	0.2	58
-527	1723	0	0.2	57
-312	1724	1	0.2	57
-350	1725	0	0.2	57
-342	1726	0	0.2	56
-191	1727	1	0.2	57
-398.5	1728	1	0.2	58
-383.5	1729	1	0.2	59
-471	1730	0	0.2	59
-294	1731	1	0.2	59
-299.7	1732	1	0.2	59
-357	1733	0	0.2	59
-430.5	1734	0	0.2	59
-499	1735	0	0.2	58
-327.5	1736	1	0.2	59
-376	1737	0	0.2	59
-475.25	1738	0	0.2	58
-260	1739	1	0.2	58
-198.5	1740	1	0.2	58
-205.5	1741	1	0.2	58
-524	1742	0	0.2	57
-422.75	1743	0	0.2	56
-365	1744	1	0.2	56
-289	1745	1	0.2	56
-416.5	1746	1	0.2	57
-328.3	1747	1	0.2	57
-385	1748	0	0.2	56
-260.5	1749	1	0.2	56
-326.4	1750	1	0.2	57
-336.5	1751	1	0.2	57
-233	1752	1	0.2	58
-220.5	1753	1	0.2	59
-591.375	1754	0	0.2	58
-81	1755	1	0.2	59
-396.5	1756	1	0.2	59
-301.5	1757	1	0.2	59
-272.5	1758	1	0.2	59
-371	1759	0	0.2	58
-188.5	1760	1	0.2	59
-337	1761	1	0.2	60
-330	1762	1	0.2	60
-447.5	1763	0	0.2	60
-361	1764	1	0.2	60
-259.5	1765	1	0.2	60
-386.5	1766	0	0.2	60
-211	1767	1	0.2	60
-380	1768	1	0.2	61
-325.5	1769	1	0.2	61
-534	1770	0	0.2	60
-261.5	1771	1	0.2	60
-508.5	1772	0	0.2	59
-273.5	1773	1	0.2	59
-325	1774	1	0.2	59
-394	1775	0	0.2	59
-449.5	1776	0	0.2	58
-153.5	1777	1	0.2	58
-372.5	1778	1	0.2	58
-169	1779	1	0.2	58
-392	1780	1	0.2	59
-423.5	1781	0	0.2	58
-327.5	1782	1	0.2	59
-339.5	1783	1	0.2	60
-518.5	1784	0	0.2	60
-402	1785	1	0.2	61
-309	1786	1	0.2	61
-219.5	1787	1	0.2	62
-443.5	1788	1	0.2	63
-416.5	1789	0	0.2	63
-387.5	1790	1	0.2	63
-370.5	1791	1	0.2	63
-271	1792	1	0.2	63
-524	1793	0	0.2	62
-421	1794	0	0.2	62
-414.5	1795	1	0.2	62
-442.5	1796	1	0.2	62
-617.5	1797	0	0.2	61
-371.5	1798	1	0.2	61
-522.25	1799	0	0.2	61
-364	1800	0	0.2	60
-434.5	1801	0	0.2	59
-454.5	1802	0	0.2	58
-400.5	1803	1	0.2	59
-142	1804	1	0.2	59
-356	1805	0	0.2	58
-458	1806	1	0.2	59
-415.5	1807	0	0.2	59
-343	1808	1	0.2	59
-360.5	1809	1	0.2	59
-402	1810	0	0.2	59
-186	1811	1	0.2	59
-144.5	1812	1	0.2	59
-290.5	1813	1	0.2	59
-415	1814	0	0.2	59
-262	1815	1	0.2	60
-221.5	1816	1	0.2	60
-445	1817	1	0.2	61
-429	1818	1	0.2	62
-363.625	1819	0	0.2	62
-403.5	1820	1	0.2	63
-541.5	1821	0	0.2	63
-549	1822	1	0.2	64
-315.5	1823	1	0.2	65
-463.5	1824	0	0.2	64
-470.5	1825	1	0.2	65
-156	1826	1	0.2	66
-523.5	1827	0	0.2	65
-420.5	1828	0	0.2	64
-433.5	1829	0	0.2	63
-305	1830	1	0.2	64
-464.5	1831	0	0.2	63
-435	1832	0	0.2	62
-460.5	1833	0	0.2	62
-349	1834	1	0.2	63
-357	1835	1	0.2	64
-538	1836	0	0.2	63
-327	1837	1	0.2	64
-415.5	1838	1	0.2	65
-478	1839	0	0.2	64
-459	1840	0	0.2	63
-610.5	1841	0	0.2	62
-354	1842	1	0.2	63
-443	1843	1	0.2	64
-429	1844	1	0.2	64
-459	1845	1	0.2	64
-377	1846	0	0.2	63
-435.5	1847	0	0.2	62
-332.5	1848	0	0.2	62
-449.875	1849	0	0.2	61
-397.5	1850	1	0.2	61
-483.5	1851	1	0.2	61
-445	1852	0	0.2	60
-298	1853	1	0.2	60
-305.5	1854	1	0.2	61
-341	1855	1	0.2	61
-347.5	1856	1	0.2	61
-461	1857	0	0.2	60
-442.25	1858	0	0.2	59
-500.375	1859	0	0.2	59
-462.5	1860	0	0.2	58
-404.5	1861	0	0.2	57
-432.5	1862	0	0.2	56
-283	1863	1	0.2	57
-392.5	1864	1	0.2	57
-354.5	1865	1	0.2	57
-430.5	1866	0	0.2	57
-320.5	1867	1	0.2	57
-350.5	1868	1	0.2	57
-472.5	1869	0	0.2	56
-509.5	1870	0	0.2	56
-440.9	1871	1	0.2	56
-236.5	1872	1	0.2	57
-429.5	1873	1	0.2	57
-465.5	1874	0	0.2	56
-423	1875	1	0.2	57
-304.5	1876	1	0.2	58
-398.5	1877	0	0.2	57
-432	1878	0	0.2	56
-149.5	1879	1	0.2	56
-335.5	1880	1	0.2	56
-418	1881	0	0.2	56
-439	1882	1	0.2	56
-135	1883	1	0.2	56
-413.5	1884	0	0.2	56
-140.5	1885	1	0.2	56
-348.5	1886	1	0.2	56
-388	1887	0	0.2	55
-418	1888	0	0.2	54
-192.5	1889	1	0.2	55
-255	1890	0	0.2	54
-268	1891	1	0.2	54
-348.5	1892	1	0.2	54
-323	1893	0	0.2	54
-159	1894	1	0.2	55
-414.5	1895	1	0.2	55
-493	1896	0	0.2	54
-404	1897	1	0.2	55
-174.5	1898	1	0.2	55
-286	1899	0	0.2	55
-209.5	1900	1	0.2	56
-517.5	1901	1	0.2	57
-410.5	1902	1	0.2	58
-436	1903	0	0.2	57
-357.15625	1904	0	0.2	56
-331.5	1905	1	0.2	57
-429.9	1906	0	0.2	56
-292	1907	1	0.2	57
-405.85625	1908	0	0.2	56
-485.5	1909	0	0.2	55
-288	1910	1	0.2	56
-577	1911	0	0.2	55
-463.5	1912	1	0.2	55
-391.5	1913	0	0.2	54
-373	1914	1	0.2	55
-344.5	1915	1	0.2	55
-426.5	1916	1	0.2	55
-374	1917	0	0.2	54
-389	1918	1	0.2	54
-643	1919	0	0.2	54
-106.5	1920	1	0.2	54
-525.5	1921	1	0.2	55
-518.5	1922	0	0.2	54
-325.5	1923	0	0.2	53
-323.5	1924	1	0.2	54
-259	1925	1	0.2	54
-284	1926	1	0.2	54
-446.45	1927	0	0.2	54
-180	1928	1	0.2	55
-317	1929	1	0.2	56
-420.6296875	1930	0	0.2	55
-275.5	1931	1	0.2	56
-217.5	1932	1	0.2	57
-476.5	1933	1	0.2	58
-549.5	1934	0	0.2	57
-352	1935	1	0.2	57
-437.5	1936	0	0.2	57
-576.5	1937	0	0.2	56
-108.5	1938	1	0.2	56
-355.625	1939	0	0.2	56
-416.5	1940	1	0.2	57
-114.5	1941	1	0.2	58
-89.5	1942	1	0.2	58
-335.5	1943	1	0.2	58
-367	1944	0	0.2	57
-410.5	1945	0	0.2	56
-386.5	1946	0	0.2	56
-459	1947	0	0.2	56
-464.5	1948	0	0.2	56
-492	1949	0	0.2	56
-331	1950	1	0.2	56
-376	1951	1	0.2	56
-468.125	1952	0	0.2	56
-314	1953	1	0.2	56
-440	1954	0	0.2	55
-547.5	1955	1	0.2	55
-344	1956	1	0.2	55
-386	1957	1	0.2	56
-286.5	1958	1	0.2	57
-483.5	1959	0	0.2	57
-485	1960	1	0.2	58
-509	1961	0	0.2	58
-532	1962	0	0.2	58
-509.1	1963	0	0.2	57
-440	1964	0	0.2	56
-502	1965	0	0.2	55
-187	1966	1	0.2	56
-532.5	1967	0	0.2	55
-319	1968	1	0.2	55
-474	1969	0	0.2	55
-172.5	1970	1	0.2	56
-393	1971	0	0.2	55
-403	1972	1	0.2	55
-278.5	1973	1	0.2	55
-292	1974	1	0.2	56
-464.5	1975	1	0.2	56
-343	1976	1	0.2	56
-181.5	1977	1	0.2	57
-523	1978	0	0.2	57
-114	1979	1	0.2	57
-494.5	1980	0	0.2	56
-463.5	1981	1	0.2	57
-526.5	1982	1	0.2	57
-333.5	1983	1	0.2	57
-541.5	1984	0	0.2	57
-457	1985	0	0.2	56
-405	1986	0	0.2	55
-493.4	1987	0	0.2	55
-412.5	1988	1	0.2	56
-224.5	1989	1	0.2	56
-441.5	1990	1	0.2	57
-325.5	1991	0	0.2	56
-195.5	1992	1	0.2	56
-564	1993	0	0.2	56
-198.5	1994	1	0.2	56
-507	1995	0	0.2	55
-537	1996	1	0.2	56
-286.5	1997	1	0.2	56
-435.5	1998	0	0.2	55
-456	1999	0	0.2	55
