-476.0 	0 	0 	0.2
-412.5 	1 	0 	0.2
-265.5 	2 	1 	0.2
-219.0 	3 	1 	0.2
-271.5 	4 	0 	0.2
-467.0 	5 	0 	0.2
-419.0 	6 	1 	0.2
-369.5 	7 	0 	0.2
-453.0 	8 	0 	0.2
-224.5 	9 	1 	0.2
-358.0 	10 	1 	0.2
-386.0 	11 	0 	0.2
-412.5 	12 	1 	0.2
-398.0 	13 	0 	0.2
-631.0 	14 	0 	0.2
-274.5 	15 	0 	0.2
-352.0 	16 	0 	0.2
-316.5 	17 	0 	0.2
-360.0 	18 	0 	0.2
-285.5 	19 	1 	0.2
-265.0 	20 	1 	0.2
-387.0 	21 	0 	0.2
-325.5 	22 	1 	0.2
-340.5 	23 	0 	0.2
-324.5 	24 	1 	0.2
-289.5 	25 	0 	0.2
-295.0 	26 	1 	0.2
-364.0 	27 	1 	0.2
-322.0 	28 	1 	0.2
-377.5 	29 	1 	0.2
-388.0 	30 	0 	0.2
-444.0 	31 	0 	0.2
-390.5 	32 	0 	0.2
-406.0 	33 	0 	0.2
-458.5 	34 	0 	0.2
-485.5 	35 	0 	0.2
-403.0 	36 	1 	0.2
-239.5 	37 	1 	0.2
-389.0 	38 	0 	0.2
-433.0 	39 	0 	0.2
-334.0 	40 	0 	0.2
-465.5 	41 	0 	0.2
-414.0 	42 	1 	0.2
-431.5 	43 	0 	0.2
-408.0 	44 	0 	0.2
-436.5 	45 	0 	0.2
-431.5 	46 	1 	0.2
-438.5 	47 	0 	0.2
-377.0 	48 	0 	0.2
-493.5 	49 	0 	0.2
-360.5 	50 	0 	0.2
-417.5 	51 	1 	0.2
-373.5 	52 	1 	0.2
-387.0 	53 	0 	0.2
-455.0 	54 	0 	0.2
-374.0 	55 	1 	0.2
-544.0 	56 	0 	0.2
-315.0 	57 	1 	0.2
-325.0 	58 	0 	0.2
-261.0 	59 	1 	0.2
-407.0 	60 	0 	0.2
-382.0 	61 	1 	0.2
-380.0 	62 	1 	0.2
-281.0 	63 	1 	0.2
-417.0 	64 	0 	0.2
-527.5 	65 	0 	0.2
-394.5 	66 	0 	0.2
-368.5 	67 	1 	0.2
-538.0 	68 	0 	0.2
-328.0 	69 	1 	0.2
-446.5 	70 	0 	0.2
-354.0 	71 	1 	0.2
-390.5 	72 	1 	0.2
-415.70000000000016 	73 	0 	0.2
-422.0 	74 	0 	0.2
-488.0 	75 	0 	0.2
-290.0 	76 	1 	0.2
-470.0 	77 	0 	0.2
-433.0 	78 	0 	0.2
-378.0 	79 	0 	0.2
-482.3000000000002 	80 	0 	0.2
-363.5 	81 	1 	0.2
-369.5 	82 	1 	0.2
-288.0 	83 	1 	0.2
-409.5 	84 	0 	0.2
-251.0 	85 	1 	0.2
-469.0 	86 	0 	0.2
-608.5 	87 	0 	0.2
-461.50000000000006 	88 	0 	0.2
-427.0 	89 	0 	0.2
-480.5 	90 	0 	0.2
-388.5 	91 	0 	0.2
-501.0 	92 	0 	0.2
-541.0 	93 	0 	0.2
-145.0 	94 	1 	0.2
-523.0 	95 	0 	0.2
-395.5 	96 	0 	0.2
-340.0 	97 	1 	0.2
-220.0 	98 	1 	0.2
-482.5 	99 	0 	0.2
-417.0 	100 	1 	0.2
-576.5 	101 	0 	0.2
-569.0 	102 	1 	0.2
-519.5 	103 	0 	0.2
-468.0 	104 	0 	0.2
-433.0 	105 	0 	0.2
-394.5 	106 	1 	0.2
-390.5 	107 	0 	0.2
-512.0 	108 	0 	0.2
-465.0 	109 	0 	0.2
-510.0 	110 	0 	0.2
-345.5 	111 	1 	0.2
-324.5 	112 	0 	0.2
-197.0 	113 	0 	0.2
-315.5 	114 	1 	0.2
-337.0 	115 	1 	0.2
-470.0 	116 	0 	0.2
-103.5 	117 	1 	0.2
-242.5 	118 	1 	0.2
-118.5 	119 	1 	0.2
-212.5 	120 	1 	0.2
-289.5 	121 	1 	0.2
-256.5 	122 	1 	0.2
-188.0 	123 	1 	0.2
-414.0 	124 	0 	0.2
-364.0 	125 	0 	0.2
-536.5 	126 	0 	0.2
-330.0 	127 	0 	0.2
-297.0 	128 	1 	0.2
-416.5 	129 	0 	0.2
-379.5 	130 	1 	0.2
-470.0 	131 	0 	0.2
-367.0 	132 	1 	0.2
-195.5 	133 	1 	0.2
-389.0 	134 	0 	0.2
-344.5 	135 	1 	0.2
-239.0 	136 	1 	0.2
-470.5 	137 	0 	0.2
-337.5 	138 	1 	0.2
-457.0 	139 	0 	0.2
-427.0 	140 	0 	0.2
-407.1999999999998 	141 	0 	0.2
-340.0 	142 	1 	0.2
-497.00000000000034 	143 	0 	0.2
-419.0 	144 	0 	0.2
-399.5 	145 	1 	0.2
-393.5 	146 	0 	0.2
-395.0 	147 	0 	0.2
-226.60000000000008 	148 	1 	0.2
-419.5 	149 	1 	0.2
-192.5 	150 	1 	0.2
-286.5 	151 	1 	0.2
-365.0 	152 	1 	0.2
-470.0 	153 	0 	0.2
-526.5 	154 	0 	0.2
-346.0 	155 	1 	0.2
-659.5 	156 	0 	0.2
-512.5 	157 	0 	0.2
-543.5 	158 	0 	0.2
-660.5 	159 	0 	0.2
-383.5 	160 	1 	0.2
-333.5 	161 	1 	0.2
-237.0 	162 	1 	0.2
-332.0 	163 	1 	0.2
-544.5 	164 	1 	0.2
-341.25000000000006 	165 	0 	0.2
-567.0 	166 	0 	0.2
-449.0 	167 	0 	0.2
-242.0 	168 	1 	0.2
-571.75 	169 	0 	0.2
-414.5 	170 	0 	0.2
-412.5 	171 	0 	0.2
-291.0 	172 	1 	0.2
-416.5 	173 	1 	0.2
-353.0 	174 	1 	0.2
-422.0 	175 	0 	0.2
-397.5 	176 	0 	0.2
-444.0 	177 	0 	0.2
-318.5 	178 	1 	0.2
-552.5 	179 	1 	0.2
-372.5 	180 	0 	0.2
-441.5 	181 	0 	0.2
-404.5 	182 	1 	0.2
-230.5 	183 	1 	0.2
-337.0 	184 	1 	0.2
-303.0 	185 	1 	0.2
-151.0 	186 	1 	0.2
-420.49999999999955 	187 	0 	0.2
-404.5 	188 	0 	0.2
-605.0 	189 	1 	0.2
-342.8999999999987 	190 	1 	0.2
-481.0 	191 	0 	0.2
-460.0 	192 	1 	0.2
-370.2500000000001 	193 	0 	0.2
-531.5 	194 	0 	0.2
-353.5 	195 	1 	0.2
-445.0 	196 	1 	0.2
-313.2500000000071 	197 	0 	0.2
-422.0 	198 	0 	0.2
-429.50000000000006 	199 	0 	0.2
-285.0 	200 	1 	0.2
-395.5 	201 	0 	0.2
-480.5 	202 	0 	0.2
-526.5000000000002 	203 	0 	0.2
-377.0 	204 	1 	0.2
-431.5 	205 	0 	0.2
-483.0 	206 	0 	0.2
-429.5 	207 	0 	0.2
-395.5 	208 	0 	0.2
-545.5 	209 	0 	0.2
-461.0 	210 	0 	0.2
-385.5 	211 	0 	0.2
-314.50000000000006 	212 	1 	0.2
-421.5 	213 	0 	0.2
-118.5 	214 	1 	0.2
-391.5 	215 	1 	0.2
-391.5 	216 	1 	0.2
-465.5 	217 	0 	0.2
-382.0 	218 	1 	0.2
-444.5 	219 	0 	0.2
-566.5 	220 	0 	0.2
-506.5 	221 	0 	0.2
-154.5 	222 	1 	0.2
-373.5 	223 	1 	0.2
-506.0 	224 	0 	0.2
-458.5 	225 	0 	0.2
-450.5 	226 	0 	0.2
-488.0 	227 	0 	0.2
-470.5000000000001 	228 	0 	0.2
-509.5 	229 	0 	0.2
-257.0 	230 	1 	0.2
-472.0 	231 	0 	0.2
-475.0 	232 	0 	0.2
-443.5 	233 	0 	0.2
-464.5 	234 	0 	0.2
-404.5 	235 	0 	0.2
-545.2499999999998 	236 	0 	0.2
-391.5 	237 	0 	0.2
-353.5 	238 	0 	0.2
-442.5 	239 	1 	0.2
-539.0 	240 	1 	0.2
-364.0 	241 	1 	0.2
-422.0 	242 	0 	0.2
-476.0 	243 	0 	0.2
-387.5 	244 	0 	0.2
-369.5 	245 	1 	0.2
-484.9999999999999 	246 	0 	0.2
-426.5 	247 	0 	0.2
-475.7499999999996 	248 	0 	0.2
-462.5 	249 	0 	0.2
-414.0 	250 	1 	0.2
-316.0 	251 	0 	0.2
-409.5 	252 	0 	0.2
-417.2 	253 	1 	0.2
-453.49999999999994 	254 	1 	0.2
-410.0 	255 	0 	0.2
-358.00000000000506 	256 	0 	0.2
-329.0 	257 	0 	0.2
-304.5 	258 	0 	0.2
-287.0 	259 	1 	0.2
-480.75000000000017 	260 	0 	0.2
-543.0 	261 	0 	0.2
-382.0 	262 	1 	0.2
-354.5 	263 	1 	0.2
-441.5 	264 	0 	0.2
-438.0 	265 	1 	0.2
-458.5 	266 	0 	0.2
-468.0 	267 	0 	0.2
-414.0 	268 	1 	0.2
-310.5 	269 	1 	0.2
-369.0 	270 	1 	0.2
-370.5 	271 	1 	0.2
-442.5 	272 	0 	0.2
-349.5 	273 	1 	0.2
-293.5 	274 	1 	0.2
-338.5 	275 	1 	0.2
-388.00000000000006 	276 	0 	0.2
-447.0 	277 	0 	0.2
-507.0 	278 	0 	0.2
-351.5 	279 	0 	0.2
-261.0 	280 	1 	0.2
-436.5000000000001 	281 	0 	0.2
-361.00000000000006 	282 	0 	0.2
-541.0 	283 	1 	0.2
-412.5 	284 	0 	0.2
-441.5 	285 	0 	0.2
-596.5 	286 	0 	0.2
-419.5 	287 	0 	0.2
-701.7500000000014 	288 	0 	0.2
-344.0 	289 	1 	0.2
-246.0 	290 	1 	0.2
-282.5 	291 	1 	0.2
-334.5 	292 	0 	0.2
-334.5 	293 	0 	0.2
-427.0 	294 	0 	0.2
-358.0 	295 	1 	0.2
-282.69999999999885 	296 	1 	0.2
-336.0 	297 	1 	0.2
-554.0 	298 	0 	0.2
-488.0 	299 	0 	0.2
-433.5 	300 	1 	0.2
-371.5 	301 	1 	0.2
-452.5 	302 	0 	0.2
-379.0 	303 	1 	0.2
-420.5 	304 	0 	0.2
-438.5 	305 	1 	0.2
-566.5 	306 	0 	0.2
-456.5 	307 	0 	0.2
-170.5 	308 	1 	0.2
-207.5 	309 	1 	0.2
-418.00000000000006 	310 	0 	0.2
-350.0 	311 	1 	0.2
-330.0 	312 	1 	0.2
-476.0 	313 	1 	0.2
-518.5 	314 	0 	0.2
-465.5 	315 	0 	0.2
-431.0 	316 	0 	0.2
-457.5 	317 	1 	0.2
-512.0 	318 	0 	0.2
-431.5 	319 	0 	0.2
-382.2 	320 	0 	0.2
-484.0 	321 	0 	0.2
-308.0 	322 	1 	0.2
-528.5 	323 	0 	0.2
-143.0 	324 	1 	0.2
-321.5 	325 	0 	0.2
-338.5 	326 	1 	0.2
-469.9999999999994 	327 	0 	0.2
-422.5 	328 	0 	0.2
-298.5 	329 	0 	0.2
-457.0 	330 	0 	0.2
-388.5 	331 	0 	0.2
-419.5 	332 	0 	0.2
-354.5 	333 	1 	0.2
-497.0 	334 	0 	0.2
-507.0 	335 	0 	0.2
-405.5 	336 	0 	0.2
-272.5 	337 	1 	0.2
-380.0 	338 	1 	0.2
-367.5 	339 	1 	0.2
-240.0 	340 	1 	0.2
-350.0 	341 	1 	0.2
-433.0 	342 	0 	0.2
-496.0 	343 	0 	0.2
-312.0 	344 	1 	0.2
-403.5 	345 	0 	0.2
-422.0 	346 	0 	0.2
-234.5 	347 	1 	0.2
-559.5 	348 	0 	0.2
-574.5 	349 	0 	0.2
-397.5 	350 	0 	0.2
-216.0 	351 	1 	0.2
-398.0 	352 	0 	0.2
-361.5 	353 	1 	0.2
-349.0 	354 	1 	0.2
-548.5 	355 	0 	0.2
-334.5 	356 	1 	0.2
-488.0 	357 	0 	0.2
-321.5 	358 	1 	0.2
-407.5 	359 	0 	0.2
-382.9 	360 	0 	0.2
-391.5 	361 	0 	0.2
-517.0 	362 	0 	0.2
-421.0 	363 	0 	0.2
-446.5 	364 	0 	0.2
-449.75000000000017 	365 	0 	0.2
-272.5 	366 	1 	0.2
-167.5 	367 	1 	0.2
-314.0 	368 	1 	0.2
-460.5 	369 	0 	0.2
-327.00000000000375 	370 	0 	0.2
-334.0 	371 	1 	0.2
-498.0 	372 	0 	0.2
-348.0 	373 	1 	0.2
-118.5 	374 	1 	0.2
-365.5 	375 	1 	0.2
-502.7500000000021 	376 	0 	0.2
-489.5 	377 	1 	0.2
-387.0 	378 	1 	0.2
-298.0 	379 	1 	0.2
-303.0 	380 	1 	0.2
-578.75 	381 	0 	0.2
-369.0 	382 	1 	0.2
-431.2500000000029 	383 	0 	0.2
-578.0 	384 	0 	0.2
-436.0 	385 	0 	0.2
-282.0 	386 	1 	0.2
-264.0 	387 	1 	0.2
-408.5 	388 	1 	0.2
-443.0 	389 	0 	0.2
-226.5 	390 	1 	0.2
-116.5 	391 	1 	0.2
-295.0 	392 	1 	0.2
-461.5 	393 	0 	0.2
-448.0 	394 	1 	0.2
-478.5 	395 	1 	0.2
-296.5 	396 	1 	0.2
-490.5 	397 	1 	0.2
-322.0 	398 	1 	0.2
-331.5 	399 	0 	0.2
-413.5 	400 	0 	0.2
-467.0 	401 	0 	0.2
-354.5 	402 	0 	0.2
-301.0 	403 	0 	0.2
-237.5 	404 	1 	0.2
-147.0 	405 	0 	0.2
-427.0 	406 	0 	0.2
-403.0000000000028 	407 	0 	0.2
-185.5 	408 	1 	0.2
-392.3 	409 	1 	0.2
-448.0 	410 	0 	0.2
-440.5 	411 	0 	0.2
-441.5 	412 	0 	0.2
-187.5 	413 	1 	0.2
-466.0 	414 	0 	0.2
-616.5 	415 	0 	0.2
-349.50000000000006 	416 	0 	0.2
-449.0 	417 	1 	0.2
-385.5 	418 	0 	0.2
-489.5 	419 	1 	0.2
-281.0 	420 	1 	0.2
-426.5 	421 	0 	0.2
-334.0 	422 	1 	0.2
-477.0 	423 	0 	0.2
-404.5 	424 	0 	0.2
-297.0 	425 	1 	0.2
-381.5 	426 	1 	0.2
-339.0000000000037 	427 	0 	0.2
-241.0 	428 	1 	0.2
-236.5 	429 	1 	0.2
-371.0 	430 	0 	0.2
-486.5 	431 	1 	0.2
-642.5 	432 	1 	0.2
-474.50000000000006 	433 	0 	0.2
-414.5 	434 	0 	0.2
-387.5 	435 	1 	0.2
-394.5 	436 	0 	0.2
-369.0 	437 	1 	0.2
-183.0 	438 	1 	0.2
-287.5 	439 	1 	0.2
-358.5 	440 	1 	0.2
-425.0 	441 	0 	0.2
-367.0 	442 	0 	0.2
-397.5 	443 	0 	0.2
-474.5 	444 	0 	0.2
-440.5 	445 	0 	0.2
-332.5 	446 	1 	0.2
-120.5 	447 	1 	0.2
-340.0 	448 	1 	0.2
-329.5 	449 	1 	0.2
-542.5 	450 	0 	0.2
-395.0 	451 	1 	0.2
-390.0 	452 	0 	0.2
-368.0 	453 	0 	0.2
-400.0 	454 	0 	0.2
-427.5 	455 	1 	0.2
-444.5 	456 	1 	0.2
-486.0 	457 	0 	0.2
-426.5 	458 	0 	0.2
-507.0 	459 	0 	0.2
-335.5 	460 	1 	0.2
-356.5 	461 	1 	0.2
-395.0 	462 	1 	0.2
-390.0 	463 	0 	0.2
-406.5 	464 	1 	0.2
-557.0 	465 	0 	0.2
-370.5 	466 	1 	0.2
-372.99999999999955 	467 	0 	0.2
-354.0 	468 	1 	0.2
-453.5 	469 	0 	0.2
-296.0 	470 	1 	0.2
-328.0 	471 	1 	0.2
-414.5 	472 	0 	0.2
-450.00000000000006 	473 	0 	0.2
-249.5 	474 	1 	0.2
-347.0 	475 	0 	0.2
-442.5 	476 	1 	0.2
-329.0 	477 	1 	0.2
-328.74999999999824 	478 	0 	0.2
-443.5 	479 	1 	0.2
-487.0 	480 	1 	0.2
-422.5 	481 	0 	0.2
-499.5 	482 	0 	0.2
-400.0 	483 	0 	0.2
-410.0 	484 	0 	0.2
-406.5 	485 	1 	0.2
-402.0 	486 	0 	0.2
-478.0 	487 	0 	0.2
-513.0 	488 	0 	0.2
-491.0 	489 	0 	0.2
-436.5 	490 	0 	0.2
-580.0 	491 	0 	0.2
-504.5 	492 	0 	0.2
-408.5 	493 	0 	0.2
-399.0 	494 	0 	0.2
-455.0 	495 	0 	0.2
-321.4999999999988 	496 	0 	0.2
-247.5 	497 	1 	0.2
-442.5 	498 	1 	0.2
-443.5 	499 	0 	0.2
-588.0 	500 	0 	0.2
-463.0 	501 	0 	0.2
-390.5 	502 	0 	0.2
-350.5 	503 	0 	0.2
-303.0 	504 	1 	0.2
-492.0 	505 	0 	0.2
-127.0 	506 	1 	0.2
-276.0 	507 	0 	0.2
-415.0 	508 	1 	0.2
-333.0 	509 	0 	0.2
-496.0 	510 	0 	0.2
-233.20000000000005 	511 	1 	0.2
-582.0 	512 	0 	0.2
-362.5 	513 	1 	0.2
-556.5 	514 	0 	0.2
-472.5 	515 	0 	0.2
-375.0 	516 	0 	0.2
-288.0 	517 	1 	0.2
-401.0 	518 	0 	0.2
-463.0 	519 	0 	0.2
-506.0 	520 	0 	0.2
-463.0 	521 	0 	0.2
-390.0 	522 	0 	0.2
-399.5 	523 	1 	0.2
-259.5 	524 	1 	0.2
-361.5 	525 	0 	0.2
-381.0 	526 	0 	0.2
-560.0 	527 	0 	0.2
-396.50000000000284 	528 	0 	0.2
-417.2000000000001 	529 	1 	0.2
-228.5 	530 	1 	0.2
-336.0 	531 	1 	0.2
-324.5 	532 	1 	0.2
-474.5000000000002 	533 	0 	0.2
-462.5 	534 	0 	0.2
-376.5 	535 	0 	0.2
-517.5 	536 	0 	0.2
-596.5 	537 	0 	0.2
-519.4999999999998 	538 	0 	0.2
-311.0 	539 	1 	0.2
-476.5 	540 	0 	0.2
-345.5 	541 	1 	0.2
-173.0 	542 	1 	0.2
-331.5 	543 	1 	0.2
-337.0 	544 	1 	0.2
-466.7 	545 	0 	0.2
-128.0 	546 	1 	0.2
-348.5 	547 	0 	0.2
-447.0 	548 	0 	0.2
-385.0 	549 	1 	0.2
-432.0 	550 	1 	0.2
-523.5 	551 	0 	0.2
-447.5 	552 	1 	0.2
-386.0 	553 	0 	0.2
-378.5 	554 	1 	0.2
-465.0 	555 	0 	0.2
-307.0 	556 	1 	0.2
-543.0 	557 	0 	0.2
-495.5 	558 	0 	0.2
-394.0 	559 	0 	0.2
-299.0 	560 	1 	0.2
-522.0 	561 	1 	0.2
-487.5 	562 	0 	0.2
-312.5 	563 	0 	0.2
-378.5 	564 	1 	0.2
-142.0 	565 	1 	0.2
-343.5 	566 	1 	0.2
-384.0 	567 	1 	0.2
-344.0 	568 	1 	0.2
-268.5 	569 	1 	0.2
-269.5 	570 	1 	0.2
-350.5 	571 	1 	0.2
-383.0 	572 	1 	0.2
-451.1000000000002 	573 	1 	0.2
-482.5 	574 	0 	0.2
-327.0 	575 	1 	0.2
-298.5 	576 	1 	0.2
-334.0 	577 	0 	0.2
-481.0 	578 	0 	0.2
-189.5 	579 	1 	0.2
-459.0 	580 	1 	0.2
-626.5 	581 	0 	0.2
-432.25 	582 	0 	0.2
-437.5 	583 	0 	0.2
-419.00000000000017 	584 	0 	0.2
-411.0 	585 	0 	0.2
-320.5 	586 	1 	0.2
-381.5 	587 	0 	0.2
-292.0 	588 	1 	0.2
-330.0 	589 	1 	0.2
-342.0 	590 	0 	0.2
-570.0 	591 	0 	0.2
-383.0 	592 	0 	0.2
-435.0 	593 	0 	0.2
-451.5 	594 	0 	0.2
-405.00000000000017 	595 	0 	0.2
-494.5 	596 	0 	0.2
-355.5 	597 	1 	0.2
-396.5 	598 	1 	0.2
-410.5 	599 	0 	0.2
-476.5 	600 	0 	0.2
-680.0 	601 	0 	0.2
-452.0 	602 	1 	0.2
-465.0 	603 	1 	0.2
-416.0 	604 	1 	0.2
-484.5 	605 	0 	0.2
-573.0 	606 	0 	0.2
-379.00000000000006 	607 	0 	0.2
-446.0 	608 	0 	0.2
-398.9000000000001 	609 	1 	0.2
-422.5 	610 	0 	0.2
-391.0 	611 	0 	0.2
-448.5 	612 	0 	0.2
-316.5 	613 	1 	0.2
-427.0 	614 	1 	0.2
-450.0 	615 	0 	0.2
-568.5 	616 	0 	0.2
-427.0 	617 	1 	0.2
-298.5 	618 	0 	0.2
-389.5 	619 	1 	0.2
-440.5 	620 	1 	0.2
-491.0 	621 	0 	0.2
-377.5 	622 	1 	0.2
-241.0 	623 	1 	0.2
-310.0 	624 	1 	0.2
-300.5 	625 	1 	0.2
-388.5 	626 	0 	0.2
-439.5 	627 	1 	0.2
-314.0 	628 	1 	0.2
-454.5 	629 	0 	0.2
-431.0 	630 	0 	0.2
-214.5 	631 	1 	0.2
-372.0 	632 	1 	0.2
-459.0 	633 	0 	0.2
-414.5 	634 	0 	0.2
-329.5 	635 	1 	0.2
-477.0 	636 	0 	0.2
-426.0 	637 	0 	0.2
-233.0 	638 	1 	0.2
-383.5 	639 	1 	0.2
-503.5 	640 	0 	0.2
-301.5 	641 	1 	0.2
-505.5 	642 	0 	0.2
-444.0 	643 	1 	0.2
-324.0 	644 	0 	0.2
-406.5 	645 	0 	0.2
-408.5 	646 	0 	0.2
-341.0 	647 	1 	0.2
-462.0 	648 	0 	0.2
-422.0 	649 	0 	0.2
-515.0 	650 	0 	0.2
-506.5 	651 	0 	0.2
-498.5 	652 	0 	0.2
-456.25000000000017 	653 	0 	0.2
-385.5 	654 	0 	0.2
-537.0 	655 	0 	0.2
-319.5 	656 	1 	0.2
-374.5 	657 	0 	0.2
-291.5 	658 	0 	0.2
-430.0 	659 	0 	0.2
-404.0 	660 	0 	0.2
-396.0 	661 	0 	0.2
-390.0 	662 	1 	0.2
-221.0 	663 	1 	0.2
-199.0 	664 	1 	0.2
-267.5 	665 	1 	0.2
-449.0 	666 	0 	0.2
-381.5 	667 	0 	0.2
-428.0 	668 	0 	0.2
-349.7000000000001 	669 	1 	0.2
-347.0 	670 	1 	0.2
-312.0 	671 	1 	0.2
-343.5 	672 	0 	0.2
-560.7500000000016 	673 	0 	0.2
-458.5 	674 	0 	0.2
-133.0 	675 	1 	0.2
-299.0 	676 	1 	0.2
-265.5 	677 	1 	0.2
-410.999999999999 	678 	0 	0.2
-500.2500000000009 	679 	0 	0.2
-169.0 	680 	1 	0.2
-526.0 	681 	0 	0.2
-507.0 	682 	0 	0.2
-497.5 	683 	1 	0.2
-401.3000000000007 	684 	0 	0.2
-287.0 	685 	1 	0.2
-462.0 	686 	1 	0.2
-494.5000000000004 	687 	0 	0.2
-355.0 	688 	0 	0.2
-400.5 	689 	0 	0.2
-497.5 	690 	0 	0.2
-413.0 	691 	0 	0.2
-347.0 	692 	1 	0.2
-257.0 	693 	1 	0.2
-415.5 	694 	0 	0.2
-332.0 	695 	0 	0.2
-430.0 	696 	0 	0.2
-503.75 	697 	0 	0.2
-375.0 	698 	0 	0.2
-409.49999999999994 	699 	0 	0.2
-392.0 	700 	1 	0.2
-471.0 	701 	0 	0.2
-394.0 	702 	0 	0.2
-467.5 	703 	0 	0.2
-364.0 	704 	0 	0.2
-138.0 	705 	1 	0.2
-453.0 	706 	0 	0.2
-252.5 	707 	1 	0.2
-233.5 	708 	1 	0.2
-402.5 	709 	1 	0.2
-527.0 	710 	0 	0.2
-294.0 	711 	0 	0.2
-434.0 	712 	0 	0.2
-459.0000000000002 	713 	0 	0.2
-273.5 	714 	1 	0.2
-396.0 	715 	0 	0.2
-433.5 	716 	0 	0.2
-503.5 	717 	0 	0.2
-391.0 	718 	1 	0.2
-366.3 	719 	1 	0.2
-391.5 	720 	0 	0.2
-413.0 	721 	1 	0.2
-402.5 	722 	0 	0.2
-425.5 	723 	0 	0.2
-308.0 	724 	1 	0.2
-222.80000000000015 	725 	1 	0.2
-479.0 	726 	0 	0.2
-411.5 	727 	0 	0.2
-380.0 	728 	1 	0.2
-478.0 	729 	0 	0.2
-407.0 	730 	0 	0.2
-386.0 	731 	0 	0.2
-492.0 	732 	0 	0.2
-456.7 	733 	0 	0.2
-370.0 	734 	1 	0.2
-323.0 	735 	1 	0.2
-451.0 	736 	0 	0.2
-327.5 	737 	1 	0.2
-154.0 	738 	1 	0.2
-398.0 	739 	0 	0.2
-526.0 	740 	0 	0.2
-282.0 	741 	1 	0.2
-425.3 	742 	0 	0.2
-168.0 	743 	1 	0.2
-364.5 	744 	1 	0.2
-480.5 	745 	0 	0.2
-408.5 	746 	0 	0.2
-402.5 	747 	0 	0.2
-516.5 	748 	0 	0.2
-514.5 	749 	0 	0.2
-413.0 	750 	0 	0.2
-460.0 	751 	0 	0.2
-524.5 	752 	0 	0.2
-555.5 	753 	0 	0.2
-361.0 	754 	1 	0.2
-329.0 	755 	1 	0.2
-388.5 	756 	0 	0.2
-225.5 	757 	1 	0.2
-263.0 	758 	1 	0.2
-317.5 	759 	1 	0.2
-419.5 	760 	1 	0.2
-416.5 	761 	0 	0.2
-261.5 	762 	1 	0.2
-310.0 	763 	0 	0.2
-360.5 	764 	1 	0.2
-233.0 	765 	1 	0.2
-470.5 	766 	0 	0.2
-255.5 	767 	1 	0.2
-332.5 	768 	0 	0.2
-317.5 	769 	0 	0.2
-292.5 	770 	0 	0.2
-404.0 	771 	0 	0.2
-372.0 	772 	0 	0.2
-364.5 	773 	0 	0.2
-364.5 	774 	0 	0.2
-466.5 	775 	0 	0.2
-456.0 	776 	0 	0.2
-312.5 	777 	1 	0.2
-337.5 	778 	1 	0.2
-285.0 	779 	1 	0.2
-449.0 	780 	0 	0.2
-253.0 	781 	1 	0.2
-499.0 	782 	0 	0.2
-515.0 	783 	0 	0.2
-547.5 	784 	0 	0.2
-503.75000000000017 	785 	0 	0.2
-464.0 	786 	1 	0.2
-429.5 	787 	0 	0.2
-367.9000000000001 	788 	0 	0.2
-233.5 	789 	1 	0.2
-449.5 	790 	1 	0.2
-319.5 	791 	1 	0.2
-370.0 	792 	0 	0.2
-401.5 	793 	0 	0.2
-446.5 	794 	0 	0.2
-392.7 	795 	1 	0.2
-411.75000000000006 	796 	0 	0.2
-521.0 	797 	0 	0.2
-363.5 	798 	0 	0.2
-344.5 	799 	1 	0.2
-452.0 	800 	0 	0.2
-300.5 	801 	0 	0.2
-444.0 	802 	0 	0.2
-446.0 	803 	0 	0.2
-217.5 	804 	1 	0.2
-380.5 	805 	0 	0.2
-488.5 	806 	0 	0.2
-523.5 	807 	0 	0.2
-396.5 	808 	1 	0.2
-325.5 	809 	1 	0.2
-477.0 	810 	0 	0.2
-278.0 	811 	1 	0.2
-517.0 	812 	0 	0.2
-413.5 	813 	0 	0.2
-344.0 	814 	1 	0.2
-433.5 	815 	0 	0.2
-494.0 	816 	0 	0.2
-339.0 	817 	1 	0.2
-348.75000000000693 	818 	0 	0.2
-194.0 	819 	1 	0.2
-359.0 	820 	0 	0.2
-299.5 	821 	1 	0.2
-387.5 	822 	1 	0.2
-455.0 	823 	0 	0.2
-334.0 	824 	1 	0.2
-421.0 	825 	0 	0.2
-237.0 	826 	1 	0.2
-452.0 	827 	0 	0.2
-317.0 	828 	1 	0.2
-230.0 	829 	1 	0.2
-316.5 	830 	1 	0.2
-285.0 	831 	1 	0.2
-258.5 	832 	1 	0.2
-313.0 	833 	1 	0.2
-540.5 	834 	0 	0.2
-530.5 	835 	0 	0.2
-382.0 	836 	0 	0.2
-461.0 	837 	1 	0.2
-255.5 	838 	1 	0.2
-168.5 	839 	1 	0.2
-363.0 	840 	1 	0.2
-335.0 	841 	1 	0.2
-424.0 	842 	1 	0.2
-231.0 	843 	1 	0.2
-298.0 	844 	1 	0.2
-438.0 	845 	0 	0.2
-401.5 	846 	0 	0.2
-581.0 	847 	0 	0.2
-508.5 	848 	0 	0.2
-255.5 	849 	1 	0.2
-470.0 	850 	0 	0.2
-428.0 	851 	0 	0.2
-444.2499999999997 	852 	0 	0.2
-413.5 	853 	0 	0.2
-323.5 	854 	1 	0.2
-462.5 	855 	0 	0.2
-252.0 	856 	1 	0.2
-473.0 	857 	0 	0.2
-400.5 	858 	0 	0.2
-437.0 	859 	1 	0.2
-327.5 	860 	1 	0.2
-476.0 	861 	0 	0.2
-587.0 	862 	0 	0.2
-477.0 	863 	0 	0.2
-626.0 	864 	0 	0.2
-358.0 	865 	0 	0.2
-490.5 	866 	0 	0.2
-495.24999999999915 	867 	0 	0.2
-498.0 	868 	0 	0.2
-413.0 	869 	1 	0.2
-364.0 	870 	1 	0.2
-408.0 	871 	1 	0.2
-223.5 	872 	1 	0.2
-387.5 	873 	1 	0.2
-511.5 	874 	1 	0.2
-341.0 	875 	0 	0.2
-439.0 	876 	0 	0.2
-458.0000000000002 	877 	0 	0.2
-319.0 	878 	1 	0.2
-394.0 	879 	1 	0.2
-404.0 	880 	0 	0.2
-330.0 	881 	0 	0.2
-483.5 	882 	0 	0.2
-429.5 	883 	0 	0.2
-517.5 	884 	0 	0.2
-454.5 	885 	1 	0.2
-338.5 	886 	1 	0.2
-387.5 	887 	0 	0.2
-340.5 	888 	1 	0.2
-423.5 	889 	0 	0.2
-291.5 	890 	1 	0.2
-326.0 	891 	1 	0.2
-394.0 	892 	0 	0.2
-440.0 	893 	0 	0.2
-458.5000000000001 	894 	0 	0.2
-333.0 	895 	0 	0.2
-429.5 	896 	0 	0.2
-449.0 	897 	1 	0.2
-371.5 	898 	1 	0.2
-456.0 	899 	0 	0.2
-398.0 	900 	0 	0.2
-291.0 	901 	1 	0.2
-480.0 	902 	1 	0.2
-373.5 	903 	0 	0.2
-452.0 	904 	0 	0.2
-282.0 	905 	1 	0.2
-276.5 	906 	1 	0.2
-446.0 	907 	1 	0.2
-560.5 	908 	1 	0.2
-386.5 	909 	0 	0.2
-459.5 	910 	1 	0.2
-258.5 	911 	1 	0.2
-417.0 	912 	0 	0.2
-332.5 	913 	1 	0.2
-377.5 	914 	1 	0.2
-330.5 	915 	1 	0.2
-324.0 	916 	1 	0.2
-423.5 	917 	1 	0.2
-457.0 	918 	0 	0.2
-335.0 	919 	1 	0.2
-183.5 	920 	1 	0.2
-377.5 	921 	0 	0.2
-317.5 	922 	0 	0.2
-217.0 	923 	1 	0.2
-297.5 	924 	0 	0.2
-500.5 	925 	1 	0.2
-174.5 	926 	1 	0.2
-380.0 	927 	0 	0.2
-487.5000000000001 	928 	0 	0.2
-545.2500000000013 	929 	0 	0.2
-339.2499999999991 	930 	0 	0.2
-467.8499999999998 	931 	0 	0.2
-359.0 	932 	0 	0.2
-522.0 	933 	1 	0.2
-335.5 	934 	1 	0.2
-228.5 	935 	1 	0.2
-454.0 	936 	0 	0.2
-357.5 	937 	1 	0.2
-300.0 	938 	0 	0.2
-310.0 	939 	1 	0.2
-412.0 	940 	0 	0.2
-379.5 	941 	1 	0.2
-224.0 	942 	1 	0.2
-571.0 	943 	0 	0.2
-285.0 	944 	1 	0.2
-330.5 	945 	1 	0.2
-515.0 	946 	0 	0.2
-329.0 	947 	1 	0.2
-453.0 	948 	0 	0.2
-388.0 	949 	1 	0.2
-424.0 	950 	0 	0.2
-234.5 	951 	1 	0.2
-343.5 	952 	0 	0.2
-344.5 	953 	1 	0.2
-367.0 	954 	1 	0.2
-260.40000000000225 	955 	1 	0.2
-473.5 	956 	0 	0.2
-342.5 	957 	1 	0.2
-330.5 	958 	1 	0.2
-431.0 	959 	0 	0.2
-456.5 	960 	0 	0.2
-520.5 	961 	1 	0.2
-382.5 	962 	1 	0.2
-469.0 	963 	0 	0.2
-461.5 	964 	0 	0.2
-262.0 	965 	1 	0.2
-319.5 	966 	1 	0.2
-395.5 	967 	1 	0.2
-256.5 	968 	1 	0.2
-435.5 	969 	0 	0.2
-244.5 	970 	1 	0.2
-212.0 	971 	1 	0.2
-475.0 	972 	0 	0.2
-378.0 	973 	0 	0.2
-443.0 	974 	1 	0.2
-307.0 	975 	1 	0.2
-364.5 	976 	1 	0.2
-443.5 	977 	0 	0.2
-352.5 	978 	0 	0.2
-378.0 	979 	0 	0.2
-388.5 	980 	1 	0.2
-260.0 	981 	1 	0.2
-335.7500000000002 	982 	0 	0.2
-420.5 	983 	0 	0.2
-223.0 	984 	1 	0.2
-533.5 	985 	0 	0.2
-688.0 	986 	0 	0.2
-430.5 	987 	0 	0.2
-430.5 	988 	1 	0.2
-474.0 	989 	0 	0.2
-353.0 	990 	1 	0.2
-279.0 	991 	0 	0.2
-452.0 	992 	0 	0.2
-170.0 	993 	1 	0.2
-424.0 	994 	0 	0.2
-304.0 	995 	1 	0.2
-93.5 	996 	1 	0.2
-185.0 	997 	1 	0.2
-424.5 	998 	1 	0.2
-516.0 	999 	0 	0.2
-427.5 	1000 	0 	0.2
-418.0 	1001 	0 	0.2
-289.0 	1002 	1 	0.2
-327.0 	1003 	1 	0.2
-303.0 	1004 	0 	0.2
-521.0 	1005 	0 	0.2
-27.0 	1006 	1 	0.2
-352.5 	1007 	1 	0.2
-550.0 	1008 	0 	0.2
-298.0 	1009 	1 	0.2
-355.5 	1010 	1 	0.2
-459.2000000000004 	1011 	1 	0.2
-332.5 	1012 	1 	0.2
-362.5 	1013 	1 	0.2
-513.7500000000005 	1014 	0 	0.2
-534.0 	1015 	0 	0.2
-292.0 	1016 	1 	0.2
-550.0 	1017 	0 	0.2
-65.5 	1018 	1 	0.2
-468.5 	1019 	0 	0.2
-310.5 	1020 	0 	0.2
-285.5 	1021 	1 	0.2
-480.19999999999976 	1022 	0 	0.2
-409.5 	1023 	1 	0.2
-581.5 	1024 	0 	0.2
-506.0 	1025 	0 	0.2
-512.5 	1026 	0 	0.2
-461.25000000000006 	1027 	0 	0.2
-460.0 	1028 	0 	0.2
-450.0 	1029 	0 	0.2
-480.5 	1030 	1 	0.2
-435.5 	1031 	0 	0.2
-293.0 	1032 	1 	0.2
-285.0 	1033 	1 	0.2
-441.0 	1034 	0 	0.2
-562.0 	1035 	1 	0.2
-555.0 	1036 	0 	0.2
-789.0 	1037 	0 	0.2
-510.5 	1038 	0 	0.2
-531.0 	1039 	0 	0.2
-400.5 	1040 	0 	0.2
-449.0 	1041 	1 	0.2
-241.5 	1042 	1 	0.2
-402.5 	1043 	1 	0.2
-370.5 	1044 	0 	0.2
-444.0 	1045 	0 	0.2
-348.0 	1046 	0 	0.2
-474.5 	1047 	0 	0.2
-358.5 	1048 	1 	0.2
-433.0 	1049 	1 	0.2
-413.0 	1050 	0 	0.2
-338.5 	1051 	0 	0.2
-428.0 	1052 	1 	0.2
-465.0 	1053 	0 	0.2
-497.0 	1054 	1 	0.2
-357.0 	1055 	0 	0.2
-453.5 	1056 	0 	0.2
-417.0 	1057 	0 	0.2
-323.5 	1058 	0 	0.2
-374.0 	1059 	0 	0.2
-483.5 	1060 	0 	0.2
-114.0 	1061 	1 	0.2
-330.5 	1062 	1 	0.2
-522.0 	1063 	0 	0.2
-386.5 	1064 	0 	0.2
-366.0 	1065 	0 	0.2
-172.0 	1066 	1 	0.2
-464.5 	1067 	1 	0.2
-472.5 	1068 	0 	0.2
-407.5 	1069 	0 	0.2
-498.0 	1070 	1 	0.2
-458.5 	1071 	1 	0.2
-343.0 	1072 	0 	0.2
-457.5 	1073 	0 	0.2
-277.5 	1074 	1 	0.2
-224.5 	1075 	1 	0.2
-296.0 	1076 	1 	0.2
-303.5 	1077 	0 	0.2
-406.8000000000001 	1078 	0 	0.2
-403.5 	1079 	0 	0.2
-209.5 	1080 	1 	0.2
-127.0 	1081 	1 	0.2
-469.0 	1082 	0 	0.2
-379.74999999999994 	1083 	0 	0.2
-430.5 	1084 	0 	0.2
-471.0 	1085 	0 	0.2
-471.5 	1086 	0 	0.2
-403.5 	1087 	1 	0.2
-339.5 	1088 	1 	0.2
-362.5 	1089 	1 	0.2
-368.0 	1090 	0 	0.2
-533.0 	1091 	0 	0.2
-441.0000000000002 	1092 	0 	0.2
-403.5 	1093 	0 	0.2
-449.7499999999994 	1094 	0 	0.2
-383.5 	1095 	0 	0.2
-307.5 	1096 	1 	0.2
-456.00000000000006 	1097 	0 	0.2
-493.5 	1098 	0 	0.2
-279.5 	1099 	1 	0.2
-404.5 	1100 	0 	0.2
-395.5 	1101 	1 	0.2
-292.0 	1102 	1 	0.2
-288.5 	1103 	1 	0.2
-374.0 	1104 	0 	0.2
-220.5 	1105 	1 	0.2
-503.0 	1106 	0 	0.2
-562.0 	1107 	0 	0.2
-489.5 	1108 	1 	0.2
-392.5 	1109 	0 	0.2
-203.0 	1110 	1 	0.2
-436.0 	1111 	0 	0.2
-233.5 	1112 	1 	0.2
-373.0 	1113 	1 	0.2
-436.5 	1114 	0 	0.2
-441.5 	1115 	0 	0.2
-200.0 	1116 	1 	0.2
-450.5 	1117 	1 	0.2
-728.0 	1118 	0 	0.2
-241.0 	1119 	1 	0.2
-330.0 	1120 	1 	0.2
-162.0 	1121 	1 	0.2
-329.5 	1122 	0 	0.2
-300.0 	1123 	1 	0.2
-486.5 	1124 	0 	0.2
-290.5 	1125 	1 	0.2
-221.0 	1126 	1 	0.2
-492.5 	1127 	1 	0.2
-461.0 	1128 	0 	0.2
-295.0 	1129 	1 	0.2
-431.0 	1130 	1 	0.2
-376.5 	1131 	1 	0.2
-374.5 	1132 	0 	0.2
-285.5 	1133 	1 	0.2
-266.0 	1134 	1 	0.2
-376.0 	1135 	1 	0.2
-333.0 	1136 	0 	0.2
-167.0 	1137 	1 	0.2
-511.0 	1138 	0 	0.2
-413.00000000000006 	1139 	0 	0.2
-456.5 	1140 	0 	0.2
-372.0 	1141 	0 	0.2
-323.5 	1142 	1 	0.2
-412.0 	1143 	0 	0.2
-373.0 	1144 	1 	0.2
-425.0 	1145 	0 	0.2
-464.0 	1146 	0 	0.2
-510.0 	1147 	1 	0.2
-390.30000000000007 	1148 	1 	0.2
-421.0 	1149 	0 	0.2
-362.0 	1150 	1 	0.2
-277.5 	1151 	1 	0.2
-408.5 	1152 	0 	0.2
-365.5 	1153 	0 	0.2
-398.0 	1154 	0 	0.2
-434.0 	1155 	0 	0.2
-404.20000000000033 	1156 	1 	0.2
-435.5 	1157 	1 	0.2
-402.0 	1158 	1 	0.2
-422.5 	1159 	0 	0.2
-388.0 	1160 	0 	0.2
-313.9 	1161 	1 	0.2
-397.5 	1162 	0 	0.2
-249.0 	1163 	1 	0.2
-287.5 	1164 	1 	0.2
-424.5 	1165 	1 	0.2
-397.0 	1166 	1 	0.2
-477.5 	1167 	0 	0.2
-484.74999999999983 	1168 	0 	0.2
-313.5 	1169 	1 	0.2
-449.0 	1170 	0 	0.2
-308.0 	1171 	1 	0.2
-488.0 	1172 	0 	0.2
-520.5 	1173 	0 	0.2
-618.0 	1174 	0 	0.2
-481.0 	1175 	0 	0.2
-463.0 	1176 	0 	0.2
-296.5 	1177 	1 	0.2
-418.0 	1178 	0 	0.2
-336.0 	1179 	0 	0.2
-438.5 	1180 	0 	0.2
-385.5 	1181 	0 	0.2
-343.5 	1182 	1 	0.2
-309.0 	1183 	1 	0.2
-413.5 	1184 	1 	0.2
-380.0 	1185 	0 	0.2
-376.5 	1186 	1 	0.2
-447.0 	1187 	0 	0.2
-530.0 	1188 	0 	0.2
-505.5 	1189 	0 	0.2
-407.0 	1190 	0 	0.2
-439.5 	1191 	1 	0.2
-450.0 	1192 	0 	0.2
-320.5 	1193 	1 	0.2
-416.0 	1194 	0 	0.2
-509.0 	1195 	0 	0.2
-407.5 	1196 	1 	0.2
-417.5 	1197 	0 	0.2
-249.0 	1198 	1 	0.2
-343.5 	1199 	1 	0.2
-222.0 	1200 	1 	0.2
-212.0 	1201 	1 	0.2
-459.5 	1202 	0 	0.2
-543.2499999999998 	1203 	0 	0.2
-414.5 	1204 	0 	0.2
-342.09999999999917 	1205 	1 	0.2
-533.5 	1206 	0 	0.2
-325.5 	1207 	0 	0.2
-403.0 	1208 	0 	0.2
-576.0 	1209 	0 	0.2
-443.0 	1210 	0 	0.2
-414.5 	1211 	1 	0.2
-436.5 	1212 	1 	0.2
-558.0 	1213 	0 	0.2
-400.5 	1214 	0 	0.2
-267.5 	1215 	1 	0.2
-303.5 	1216 	1 	0.2
-428.0 	1217 	1 	0.2
-240.5 	1218 	1 	0.2
-438.2499999999991 	1219 	0 	0.2
-440.5 	1220 	0 	0.2
-513.5 	1221 	0 	0.2
-459.5 	1222 	0 	0.2
-316.5 	1223 	1 	0.2
-192.0 	1224 	1 	0.2
-384.5 	1225 	1 	0.2
-116.5 	1226 	1 	0.2
-530.0 	1227 	0 	0.2
-312.5 	1228 	1 	0.2
-214.0 	1229 	1 	0.2
-250.0 	1230 	1 	0.2
-452.0 	1231 	0 	0.2
-378.89999999999924 	1232 	0 	0.2
-455.50000000000017 	1233 	0 	0.2
-418.0 	1234 	0 	0.2
-121.5 	1235 	1 	0.2
-356.5 	1236 	0 	0.2
-468.0 	1237 	1 	0.2
-283.5 	1238 	1 	0.2
-377.5 	1239 	0 	0.2
-320.0 	1240 	0 	0.2
-370.5 	1241 	0 	0.2
-392.5 	1242 	1 	0.2
-473.5 	1243 	1 	0.2
-405.5 	1244 	0 	0.2
-290.0 	1245 	1 	0.2
-479.0 	1246 	0 	0.2
-430.5 	1247 	0 	0.2
-368.5 	1248 	1 	0.2
-334.5 	1249 	1 	0.2
-402.0 	1250 	1 	0.2
-464.0 	1251 	0 	0.2
-208.5 	1252 	1 	0.2
-505.5 	1253 	0 	0.2
-454.0 	1254 	0 	0.2
-426.5 	1255 	1 	0.2
-405.0 	1256 	0 	0.2
-363.5 	1257 	0 	0.2
-386.5 	1258 	1 	0.2
-478.5 	1259 	1 	0.2
-382.0 	1260 	0 	0.2
-323.5 	1261 	0 	0.2
-467.74999999999994 	1262 	0 	0.2
-385.0 	1263 	0 	0.2
-148.0 	1264 	1 	0.2
-411.5 	1265 	1 	0.2
-369.5 	1266 	0 	0.2
-286.5 	1267 	1 	0.2
-485.5 	1268 	0 	0.2
-444.29999999999995 	1269 	1 	0.2
-466.0 	1270 	0 	0.2
-336.5 	1271 	0 	0.2
-178.5 	1272 	1 	0.2
-358.5 	1273 	1 	0.2
-325.5 	1274 	0 	0.2
-368.5 	1275 	0 	0.2
-292.0 	1276 	1 	0.2
-330.0 	1277 	0 	0.2
-457.5 	1278 	0 	0.2
-579.5 	1279 	0 	0.2
-372.0 	1280 	0 	0.2
-462.0 	1281 	1 	0.2
-274.0 	1282 	1 	0.2
-212.0 	1283 	1 	0.2
-391.0 	1284 	0 	0.2
-441.5000000000003 	1285 	0 	0.2
-397.0 	1286 	0 	0.2
-412.5 	1287 	0 	0.2
-324.0 	1288 	0 	0.2
-459.5 	1289 	0 	0.2
-533.5 	1290 	0 	0.2
-530.0 	1291 	1 	0.2
-375.5 	1292 	1 	0.2
-485.0 	1293 	0 	0.2
-412.0 	1294 	0 	0.2
-437.5 	1295 	0 	0.2
-377.74999999999983 	1296 	0 	0.2
-404.50000000000205 	1297 	0 	0.2
-359.5 	1298 	1 	0.2
-506.0 	1299 	0 	0.2
-201.0 	1300 	1 	0.2
-567.0 	1301 	0 	0.2
-380.5 	1302 	0 	0.2
-381.5 	1303 	1 	0.2
-384.5 	1304 	0 	0.2
-393.0 	1305 	1 	0.2
-358.0 	1306 	1 	0.2
-391.5 	1307 	0 	0.2
-546.0 	1308 	0 	0.2
-451.0 	1309 	0 	0.2
-448.0 	1310 	1 	0.2
-355.0 	1311 	0 	0.2
-343.0 	1312 	1 	0.2
-493.0 	1313 	1 	0.2
-496.5 	1314 	0 	0.2
-644.5 	1315 	1 	0.2
-435.5 	1316 	0 	0.2
-293.5 	1317 	1 	0.2
-357.5 	1318 	1 	0.2
-438.0 	1319 	0 	0.2
-483.0 	1320 	0 	0.2
-161.0 	1321 	1 	0.2
-271.0 	1322 	1 	0.2
-688.0 	1323 	0 	0.2
-380.5 	1324 	0 	0.2
-415.5 	1325 	0 	0.2
-368.5 	1326 	1 	0.2
-437.0 	1327 	1 	0.2
-416.5 	1328 	0 	0.2
-418.0 	1329 	0 	0.2
-421.5 	1330 	1 	0.2
-362.0 	1331 	1 	0.2
-249.5 	1332 	1 	0.2
-366.0 	1333 	1 	0.2
-319.5 	1334 	1 	0.2
-432.00000000000017 	1335 	0 	0.2
-389.0 	1336 	0 	0.2
-222.5 	1337 	1 	0.2
-315.5 	1338 	1 	0.2
-233.0 	1339 	1 	0.2
-430.0 	1340 	0 	0.2
-370.0 	1341 	0 	0.2
-484.5 	1342 	0 	0.2
-397.5 	1343 	0 	0.2
-556.0 	1344 	1 	0.2
-351.40000000000015 	1345 	1 	0.2
-496.5 	1346 	1 	0.2
-501.0 	1347 	0 	0.2
-393.0 	1348 	1 	0.2
-391.4999999999991 	1349 	0 	0.2
-310.5 	1350 	1 	0.2
-423.74999999999943 	1351 	0 	0.2
-409.5 	1352 	1 	0.2
-432.0 	1353 	0 	0.2
-448.0 	1354 	0 	0.2
-499.0 	1355 	0 	0.2
-418.0 	1356 	0 	0.2
-408.5 	1357 	1 	0.2
-423.5 	1358 	0 	0.2
-375.5 	1359 	1 	0.2
-424.5 	1360 	0 	0.2
-419.5 	1361 	0 	0.2
-397.0 	1362 	0 	0.2
-311.5 	1363 	1 	0.2
-432.9999999999999 	1364 	0 	0.2
-442.5 	1365 	0 	0.2
-447.5 	1366 	1 	0.2
-317.5 	1367 	1 	0.2
-410.0 	1368 	0 	0.2
-354.5 	1369 	0 	0.2
-245.5 	1370 	1 	0.2
-521.5 	1371 	0 	0.2
-377.29999999999995 	1372 	1 	0.2
-510.0 	1373 	0 	0.2
-224.5 	1374 	1 	0.2
-476.25 	1375 	0 	0.2
-269.5 	1376 	1 	0.2
-272.0 	1377 	1 	0.2
-347.5 	1378 	1 	0.2
-461.0 	1379 	0 	0.2
-503.5 	1380 	1 	0.2
-316.5 	1381 	0 	0.2
-311.5 	1382 	0 	0.2
-492.0 	1383 	0 	0.2
-405.5 	1384 	1 	0.2
-437.0 	1385 	0 	0.2
-443.0 	1386 	0 	0.2
-506.5 	1387 	1 	0.2
-433.0 	1388 	0 	0.2
-430.5 	1389 	1 	0.2
-556.7500000000001 	1390 	0 	0.2
-388.0 	1391 	0 	0.2
-165.0 	1392 	1 	0.2
-356.0 	1393 	0 	0.2
-250.5 	1394 	1 	0.2
-460.0000000000007 	1395 	0 	0.2
-445.0 	1396 	0 	0.2
-476.5 	1397 	0 	0.2
-339.0 	1398 	1 	0.2
-392.5 	1399 	1 	0.2
-500.0 	1400 	0 	0.2
-327.0 	1401 	1 	0.2
-393.0 	1402 	0 	0.2
-473.0 	1403 	0 	0.2
-273.5 	1404 	1 	0.2
-247.0 	1405 	1 	0.2
-401.5 	1406 	0 	0.2
-318.9999999999986 	1407 	1 	0.2
-388.5 	1408 	0 	0.2
-409.0000000000001 	1409 	0 	0.2
-588.2500000000001 	1410 	0 	0.2
-423.0 	1411 	1 	0.2
-322.0 	1412 	1 	0.2
-529.0 	1413 	0 	0.2
-515.5 	1414 	0 	0.2
-482.75 	1415 	0 	0.2
-303.0 	1416 	1 	0.2
-193.0 	1417 	1 	0.2
-213.5 	1418 	1 	0.2
-251.5 	1419 	1 	0.2
-421.5 	1420 	0 	0.2
-336.0 	1421 	1 	0.2
-437.0000000000001 	1422 	0 	0.2
-307.5 	1423 	1 	0.2
-444.0 	1424 	1 	0.2
-430.5 	1425 	0 	0.2
-406.5 	1426 	0 	0.2
-527.5 	1427 	0 	0.2
-233.0 	1428 	1 	0.2
-379.5 	1429 	0 	0.2
-286.0 	1430 	1 	0.2
-397.5 	1431 	0 	0.2
-549.7500000000002 	1432 	0 	0.2
-357.0 	1433 	0 	0.2
-200.5 	1434 	1 	0.2
-236.60000000000008 	1435 	1 	0.2
-402.7999999999999 	1436 	0 	0.2
-446.0 	1437 	1 	0.2
-364.00000000000006 	1438 	1 	0.2
-584.0000000000001 	1439 	0 	0.2
-373.5 	1440 	1 	0.2
-380.4999999999983 	1441 	0 	0.2
-293.5 	1442 	1 	0.2
-399.0 	1443 	0 	0.2
-215.0 	1444 	1 	0.2
-213.5 	1445 	1 	0.2
-465.0 	1446 	1 	0.2
-176.5 	1447 	1 	0.2
-548.0 	1448 	0 	0.2
-360.0 	1449 	1 	0.2
-266.5 	1450 	1 	0.2
-377.0 	1451 	1 	0.2
-181.5 	1452 	1 	0.2
-341.0 	1453 	1 	0.2
-329.5 	1454 	1 	0.2
-231.80000000000243 	1455 	1 	0.2
-461.5 	1456 	0 	0.2
-366.0 	1457 	1 	0.2
-152.0 	1458 	1 	0.2
-485.5 	1459 	0 	0.2
-436.5 	1460 	1 	0.2
-410.0 	1461 	0 	0.2
-380.0 	1462 	1 	0.2
-443.5 	1463 	0 	0.2
-364.5 	1464 	1 	0.2
-331.5 	1465 	1 	0.2
-295.0 	1466 	1 	0.2
-468.0 	1467 	1 	0.2
-362.0 	1468 	1 	0.2
-479.5 	1469 	0 	0.2
-217.5 	1470 	1 	0.2
-438.0 	1471 	0 	0.2
-242.5 	1472 	1 	0.2
-262.5 	1473 	1 	0.2
-359.0 	1474 	0 	0.2
-508.5 	1475 	0 	0.2
-298.0 	1476 	1 	0.2
-287.0 	1477 	1 	0.2
-400.5 	1478 	1 	0.2
-492.5 	1479 	0 	0.2
-427.5 	1480 	0 	0.2
-497.0 	1481 	0 	0.2
-278.0 	1482 	1 	0.2
-464.0 	1483 	0 	0.2
-391.0 	1484 	0 	0.2
-178.0 	1485 	0 	0.2
-310.5 	1486 	0 	0.2
-367.5 	1487 	0 	0.2
-404.5 	1488 	1 	0.2
-405.9999999999999 	1489 	0 	0.2
-178.0 	1490 	1 	0.2
-484.0 	1491 	0 	0.2
-189.0 	1492 	1 	0.2
-283.5 	1493 	1 	0.2
-255.5 	1494 	1 	0.2
-364.0 	1495 	1 	0.2
-414.50000000000017 	1496 	0 	0.2
-427.5 	1497 	1 	0.2
-309.5 	1498 	1 	0.2
-377.0 	1499 	1 	0.2
-173.0 	1500 	1 	0.2
-423.5 	1501 	1 	0.2
-447.0 	1502 	1 	0.2
-483.0 	1503 	1 	0.2
-324.0 	1504 	1 	0.2
-246.0 	1505 	1 	0.2
-356.6000000000012 	1506 	0 	0.2
-305.5 	1507 	1 	0.2
-306.5 	1508 	1 	0.2
-336.5 	1509 	1 	0.2
-441.0 	1510 	1 	0.2
-472.0 	1511 	1 	0.2
-437.0 	1512 	1 	0.2
-465.0 	1513 	0 	0.2
-398.5 	1514 	0 	0.2
-348.25 	1515 	0 	0.2
-541.5 	1516 	0 	0.2
-286.5 	1517 	1 	0.2
-362.0 	1518 	1 	0.2
-473.5 	1519 	0 	0.2
-294.0 	1520 	1 	0.2
-182.0 	1521 	1 	0.2
-366.0 	1522 	1 	0.2
-405.5 	1523 	0 	0.2
-123.5 	1524 	1 	0.2
-443.3999999999999 	1525 	1 	0.2
-493.5 	1526 	0 	0.2
-492.5 	1527 	0 	0.2
-349.0 	1528 	1 	0.2
-516.0 	1529 	0 	0.2
-333.0 	1530 	0 	0.2
-452.5 	1531 	0 	0.2
-222.0 	1532 	1 	0.2
-315.0 	1533 	1 	0.2
-473.5 	1534 	1 	0.2
-169.5 	1535 	1 	0.2
-460.5 	1536 	0 	0.2
-313.5 	1537 	0 	0.2
-207.0 	1538 	1 	0.2
-320.0 	1539 	0 	0.2
-487.5 	1540 	0 	0.2
-507.0 	1541 	0 	0.2
-331.5 	1542 	1 	0.2
-460.25000000000017 	1543 	0 	0.2
-393.5 	1544 	1 	0.2
-255.5 	1545 	1 	0.2
-417.0 	1546 	0 	0.2
-453.0 	1547 	0 	0.2
-194.0 	1548 	1 	0.2
-392.5 	1549 	1 	0.2
-402.0 	1550 	1 	0.2
-409.0 	1551 	1 	0.2
-246.5 	1552 	1 	0.2
-410.0 	1553 	1 	0.2
-414.0 	1554 	1 	0.2
-431.0 	1555 	0 	0.2
-334.5 	1556 	0 	0.2
-489.5 	1557 	1 	0.2
-421.0 	1558 	0 	0.2
-494.5 	1559 	0 	0.2
-206.0 	1560 	1 	0.2
-361.0 	1561 	0 	0.2
-331.0 	1562 	1 	0.2
-313.5000000000064 	1563 	0 	0.2
-423.5 	1564 	0 	0.2
-417.5 	1565 	0 	0.2
-250.0 	1566 	1 	0.2
-436.0 	1567 	0 	0.2
-477.0 	1568 	1 	0.2
-463.5 	1569 	0 	0.2
-291.5 	1570 	1 	0.2
-450.0 	1571 	0 	0.2
-367.5 	1572 	0 	0.2
-522.5 	1573 	0 	0.2
-462.5 	1574 	1 	0.2
-252.5 	1575 	1 	0.2
-350.0000000000037 	1576 	0 	0.2
-343.5 	1577 	1 	0.2
-348.5 	1578 	0 	0.2
-433.5 	1579 	1 	0.2
-313.0 	1580 	0 	0.2
-406.5 	1581 	0 	0.2
-479.00000000000006 	1582 	0 	0.2
-422.5 	1583 	0 	0.2
-162.5 	1584 	1 	0.2
-388.0 	1585 	0 	0.2
-218.5 	1586 	1 	0.2
-377.5 	1587 	1 	0.2
-374.0 	1588 	1 	0.2
-286.5 	1589 	1 	0.2
-356.5 	1590 	0 	0.2
-496.5 	1591 	0 	0.2
-297.5 	1592 	1 	0.2
-568.5 	1593 	0 	0.2
-304.0 	1594 	1 	0.2
-172.0 	1595 	1 	0.2
-332.5 	1596 	1 	0.2
-441.5000000000001 	1597 	0 	0.2
-462.3000000000014 	1598 	1 	0.2
-176.0 	1599 	1 	0.2
-367.0 	1600 	1 	0.2
-418.0 	1601 	0 	0.2
-480.0 	1602 	1 	0.2
-324.5 	1603 	0 	0.2
-468.90000000000003 	1604 	0 	0.2
-421.00000000000284 	1605 	0 	0.2
-312.0 	1606 	1 	0.2
-407.4999999999994 	1607 	0 	0.2
-254.5 	1608 	1 	0.2
-444.5 	1609 	0 	0.2
-458.0 	1610 	0 	0.2
-526.0 	1611 	0 	0.2
-227.60000000000016 	1612 	1 	0.2
-425.5 	1613 	0 	0.2
-302.0 	1614 	1 	0.2
-481.5 	1615 	0 	0.2
-467.0 	1616 	0 	0.2
-370.0 	1617 	0 	0.2
-219.5 	1618 	1 	0.2
-398.5 	1619 	0 	0.2
-380.5 	1620 	1 	0.2
-436.0 	1621 	0 	0.2
-200.5 	1622 	0 	0.2
-461.5 	1623 	1 	0.2
-566.7500000000001 	1624 	0 	0.2
-237.5 	1625 	1 	0.2
-204.0 	1626 	1 	0.2
-327.5 	1627 	1 	0.2
-416.0 	1628 	0 	0.2
-264.5 	1629 	1 	0.2
-445.0 	1630 	1 	0.2
-447.5 	1631 	0 	0.2
-469.5 	1632 	1 	0.2
-309.0 	1633 	0 	0.2
-295.5 	1634 	1 	0.2
-242.79999999999566 	1635 	1 	0.2
-324.0 	1636 	1 	0.2
-475.5 	1637 	0 	0.2
-314.0 	1638 	0 	0.2
-382.70000000000005 	1639 	1 	0.2
-280.5 	1640 	1 	0.2
-474.0 	1641 	0 	0.2
-279.0 	1642 	1 	0.2
-583.5 	1643 	0 	0.2
-498.0 	1644 	0 	0.2
-526.0 	1645 	0 	0.2
-465.0 	1646 	0 	0.2
-427.1000000000001 	1647 	1 	0.2
-338.5 	1648 	0 	0.2
-416.5 	1649 	0 	0.2
-375.0 	1650 	0 	0.2
-255.5 	1651 	1 	0.2
-404.5 	1652 	0 	0.2
-290.5 	1653 	1 	0.2
-380.0 	1654 	0 	0.2
-469.5 	1655 	0 	0.2
-462.0 	1656 	0 	0.2
-309.5 	1657 	1 	0.2
-337.099999999999 	1658 	1 	0.2
-423.0 	1659 	1 	0.2
-386.0 	1660 	0 	0.2
-406.0 	1661 	0 	0.2
-361.5 	1662 	1 	0.2
-513.5 	1663 	0 	0.2
-403.0 	1664 	0 	0.2
-372.0 	1665 	1 	0.2
-448.0 	1666 	0 	0.2
-392.5 	1667 	1 	0.2
-282.0 	1668 	0 	0.2
-262.0 	1669 	1 	0.2
-545.0 	1670 	0 	0.2
-241.5 	1671 	1 	0.2
-466.0 	1672 	0 	0.2
-434.5 	1673 	1 	0.2
-364.0 	1674 	1 	0.2
-474.0 	1675 	1 	0.2
-580.5 	1676 	0 	0.2
-447.0 	1677 	0 	0.2
-333.0 	1678 	0 	0.2
-362.5 	1679 	0 	0.2
-331.50000000000534 	1680 	0 	0.2
-407.5 	1681 	0 	0.2
-436.5 	1682 	0 	0.2
-416.00000000000006 	1683 	1 	0.2
-520.4000000000001 	1684 	1 	0.2
-440.0000000000001 	1685 	0 	0.2
-264.0 	1686 	1 	0.2
-451.5 	1687 	0 	0.2
-333.5 	1688 	1 	0.2
-367.5 	1689 	1 	0.2
-369.0 	1690 	1 	0.2
-388.5 	1691 	1 	0.2
-288.5 	1692 	1 	0.2
-456.0 	1693 	0 	0.2
-184.0 	1694 	1 	0.2
-432.0 	1695 	1 	0.2
-325.0 	1696 	0 	0.2
-362.0 	1697 	0 	0.2
-349.0 	1698 	1 	0.2
-438.5 	1699 	0 	0.2
-218.0 	1700 	1 	0.2
-369.0 	1701 	0 	0.2
-364.0 	1702 	1 	0.2
-264.0 	1703 	1 	0.2
-457.5 	1704 	0 	0.2
-426.5 	1705 	0 	0.2
-191.5 	1706 	1 	0.2
-319.0 	1707 	1 	0.2
-337.5 	1708 	1 	0.2
-471.0 	1709 	0 	0.2
-429.5 	1710 	0 	0.2
-491.0 	1711 	1 	0.2
-317.0 	1712 	1 	0.2
-504.5 	1713 	0 	0.2
-541.5 	1714 	0 	0.2
-183.0 	1715 	1 	0.2
-392.5 	1716 	0 	0.2
-417.5 	1717 	0 	0.2
-503.5 	1718 	0 	0.2
-312.0 	1719 	0 	0.2
-288.5 	1720 	1 	0.2
-349.0 	1721 	0 	0.2
-280.5 	1722 	1 	0.2
-419.5 	1723 	0 	0.2
-416.5 	1724 	0 	0.2
-440.5 	1725 	0 	0.2
-265.5 	1726 	1 	0.2
-248.0 	1727 	1 	0.2
-456.5 	1728 	0 	0.2
-247.5 	1729 	1 	0.2
-347.0 	1730 	1 	0.2
-534.5000000000002 	1731 	0 	0.2
-556.0 	1732 	0 	0.2
-582.0 	1733 	1 	0.2
-505.0 	1734 	0 	0.2
-346.5 	1735 	1 	0.2
-403.5 	1736 	0 	0.2
-364.5 	1737 	0 	0.2
-261.0 	1738 	1 	0.2
-297.0 	1739 	0 	0.2
-435.0 	1740 	0 	0.2
-273.0 	1741 	1 	0.2
-439.0 	1742 	1 	0.2
-178.0 	1743 	1 	0.2
-429.0 	1744 	1 	0.2
-369.0 	1745 	1 	0.2
-232.5 	1746 	1 	0.2
-421.0 	1747 	0 	0.2
-326.0 	1748 	0 	0.2
-501.5 	1749 	1 	0.2
-444.0 	1750 	0 	0.2
-423.0 	1751 	0 	0.2
-478.0 	1752 	1 	0.2
-257.5 	1753 	1 	0.2
-278.5 	1754 	1 	0.2
-513.0 	1755 	0 	0.2
-388.5 	1756 	1 	0.2
-455.0 	1757 	0 	0.2
-316.69999999999465 	1758 	1 	0.2
-368.0 	1759 	0 	0.2
-240.0 	1760 	1 	0.2
-442.5 	1761 	0 	0.2
-403.3 	1762 	1 	0.2
-298.0 	1763 	1 	0.2
-143.5 	1764 	1 	0.2
-308.0 	1765 	1 	0.2
-377.5 	1766 	0 	0.2
-425.0 	1767 	1 	0.2
-342.0 	1768 	1 	0.2
-439.5 	1769 	1 	0.2
-428.0 	1770 	1 	0.2
-383.0 	1771 	1 	0.2
-367.1999999999996 	1772 	1 	0.2
-617.0 	1773 	0 	0.2
-381.0 	1774 	1 	0.2
-559.0 	1775 	0 	0.2
-381.0 	1776 	1 	0.2
-411.0 	1777 	1 	0.2
-530.5 	1778 	0 	0.2
-384.0 	1779 	0 	0.2
-86.5 	1780 	1 	0.2
-430.5 	1781 	0 	0.2
-262.0 	1782 	1 	0.2
-289.5 	1783 	0 	0.2
-371.0 	1784 	1 	0.2
-362.5 	1785 	1 	0.2
-392.5 	1786 	0 	0.2
-169.0 	1787 	1 	0.2
-413.0 	1788 	1 	0.2
-266.5 	1789 	1 	0.2
-215.0 	1790 	1 	0.2
-308.0 	1791 	1 	0.2
-426.5 	1792 	0 	0.2
-523.5 	1793 	0 	0.2
-446.0 	1794 	0 	0.2
-305.0 	1795 	1 	0.2
-204.5 	1796 	1 	0.2
-378.0 	1797 	0 	0.2
-374.0 	1798 	1 	0.2
-535.0 	1799 	1 	0.2
-299.0 	1800 	1 	0.2
-453.5 	1801 	1 	0.2
-407.0 	1802 	0 	0.2
-643.5 	1803 	0 	0.2
-427.5 	1804 	1 	0.2
-443.0 	1805 	0 	0.2
-332.5 	1806 	1 	0.2
-433.5 	1807 	0 	0.2
-339.0 	1808 	0 	0.2
-303.0 	1809 	0 	0.2
-458.5 	1810 	0 	0.2
-424.5 	1811 	0 	0.2
-472.0 	1812 	0 	0.2
-376.0 	1813 	1 	0.2
-350.0 	1814 	0 	0.2
-386.0 	1815 	0 	0.2
-462.0 	1816 	0 	0.2
-446.5 	1817 	0 	0.2
-376.5 	1818 	1 	0.2
-197.0 	1819 	1 	0.2
-345.0 	1820 	1 	0.2
-556.5 	1821 	1 	0.2
-460.5 	1822 	0 	0.2
-492.0 	1823 	0 	0.2
-355.0 	1824 	1 	0.2
-478.70000000000044 	1825 	1 	0.2
-333.0 	1826 	1 	0.2
-324.30000000000007 	1827 	0 	0.2
-302.0 	1828 	1 	0.2
-207.5 	1829 	1 	0.2
-169.0 	1830 	1 	0.2
-289.5 	1831 	1 	0.2
-314.5 	1832 	1 	0.2
-168.0 	1833 	1 	0.2
-403.0 	1834 	1 	0.2
-342.5 	1835 	0 	0.2
-153.5 	1836 	1 	0.2
-296.0 	1837 	1 	0.2
-454.0 	1838 	0 	0.2
-303.5 	1839 	1 	0.2
-537.5 	1840 	0 	0.2
-417.0 	1841 	0 	0.2
-559.3000000000001 	1842 	0 	0.2
-221.0 	1843 	1 	0.2
-497.0 	1844 	0 	0.2
-296.5 	1845 	0 	0.2
-62.5 	1846 	1 	0.2
-359.0 	1847 	0 	0.2
-516.0 	1848 	0 	0.2
-464.5 	1849 	0 	0.2
-323.5 	1850 	1 	0.2
-392.0 	1851 	0 	0.2
-385.0 	1852 	0 	0.2
-400.5 	1853 	1 	0.2
-370.5 	1854 	0 	0.2
-440.5 	1855 	1 	0.2
-391.5 	1856 	1 	0.2
-314.5 	1857 	1 	0.2
-302.5 	1858 	1 	0.2
-450.0 	1859 	0 	0.2
-280.5 	1860 	1 	0.2
-429.5 	1861 	0 	0.2
-398.5 	1862 	0 	0.2
-514.0 	1863 	0 	0.2
-462.0 	1864 	1 	0.2
-467.0 	1865 	1 	0.2
-390.5000000000001 	1866 	0 	0.2
-375.0 	1867 	0 	0.2
-467.0 	1868 	0 	0.2
-412.0 	1869 	0 	0.2
-381.500000000004 	1870 	0 	0.2
-318.5 	1871 	1 	0.2
-298.0 	1872 	1 	0.2
-482.5 	1873 	0 	0.2
-580.7500000000001 	1874 	0 	0.2
-334.5 	1875 	1 	0.2
-450.5 	1876 	0 	0.2
-344.0 	1877 	0 	0.2
-364.5 	1878 	1 	0.2
-598.0 	1879 	0 	0.2
-488.5 	1880 	1 	0.2
-338.5 	1881 	0 	0.2
-414.5 	1882 	0 	0.2
-234.5 	1883 	1 	0.2
-457.0 	1884 	0 	0.2
-688.5 	1885 	0 	0.2
-462.0 	1886 	0 	0.2
-560.0 	1887 	0 	0.2
-551.5 	1888 	1 	0.2
-308.5 	1889 	1 	0.2
-391.5 	1890 	0 	0.2
-486.0 	1891 	0 	0.2
-365.5 	1892 	1 	0.2
-383.5 	1893 	1 	0.2
-376.00000000000165 	1894 	0 	0.2
-316.5 	1895 	1 	0.2
-422.0 	1896 	0 	0.2
-422.5 	1897 	1 	0.2
-393.5 	1898 	1 	0.2
-462.5 	1899 	0 	0.2
-287.5 	1900 	1 	0.2
-244.0 	1901 	1 	0.2
-363.5 	1902 	0 	0.2
-347.0 	1903 	1 	0.2
-328.0 	1904 	1 	0.2
-360.0 	1905 	0 	0.2
-504.0 	1906 	0 	0.2
-348.0 	1907 	1 	0.2
-361.5 	1908 	1 	0.2
-471.0 	1909 	1 	0.2
-558.0 	1910 	1 	0.2
-418.5 	1911 	1 	0.2
-418.0 	1912 	1 	0.2
-214.5 	1913 	1 	0.2
-423.5 	1914 	0 	0.2
-528.0 	1915 	1 	0.2
-528.0 	1915 	0 	0.2
-393.5 	1916 	0 	0.2
-405.0 	1917 	1 	0.2
-628.5 	1918 	0 	0.2
-420.0 	1919 	0 	0.2
-358.5 	1920 	0 	0.2
-433.5 	1921 	0 	0.2
-426.0 	1922 	0 	0.2
-447.0 	1923 	1 	0.2
-325.20000000000005 	1924 	1 	0.2
-585.5 	1925 	0 	0.2
-499.8000000000002 	1926 	0 	0.2
-464.0 	1927 	1 	0.2
-224.5 	1928 	1 	0.2
-463.5 	1929 	0 	0.2
-432.49999999999994 	1930 	0 	0.2
-345.0 	1931 	1 	0.2
-374.5 	1932 	0 	0.2
-399.5 	1933 	1 	0.2
-649.0 	1934 	0 	0.2
-345.5 	1935 	0 	0.2
-307.5 	1936 	1 	0.2
-384.0 	1937 	1 	0.2
-557.0 	1938 	0 	0.2
-435.0 	1939 	0 	0.2
-523.0 	1940 	0 	0.2
-454.5 	1941 	0 	0.2
-442.4999999999992 	1942 	0 	0.2
-488.0 	1943 	0 	0.2
-365.00000000000006 	1944 	0 	0.2
-639.0 	1945 	0 	0.2
-465.5 	1946 	0 	0.2
-442.49999999999864 	1947 	0 	0.2
-256.5 	1948 	1 	0.2
-373.5 	1949 	0 	0.2
-395.5 	1950 	1 	0.2
-60.5 	1951 	1 	0.2
-394.5 	1952 	0 	0.2
-473.5 	1953 	1 	0.2
-419.5 	1954 	0 	0.2
-316.0 	1955 	1 	0.2
-391.5 	1956 	1 	0.2
-339.0 	1957 	1 	0.2
-380.0 	1958 	0 	0.2
-450.0 	1959 	0 	0.2
-354.0 	1960 	1 	0.2
-393.5 	1961 	0 	0.2
-601.0 	1962 	0 	0.2
-475.5 	1963 	0 	0.2
-288.5 	1964 	1 	0.2
-419.0 	1965 	0 	0.2
-323.0 	1966 	1 	0.2
-346.5 	1967 	1 	0.2
-424.99999999999994 	1968 	0 	0.2
-360.00000000000045 	1969 	0 	0.2
-475.0 	1970 	0 	0.2
-483.5 	1971 	0 	0.2
-339.0 	1972 	0 	0.2
-245.5 	1973 	1 	0.2
-401.0 	1974 	0 	0.2
-449.5 	1975 	0 	0.2
-374.5 	1976 	0 	0.2
-281.5 	1977 	1 	0.2
-402.0 	1978 	0 	0.2
-93.5 	1979 	1 	0.2
-307.99999999999795 	1980 	0 	0.2
-270.0 	1981 	1 	0.2
-380.5 	1982 	1 	0.2
-388.0 	1983 	0 	0.2
-462.0 	1984 	0 	0.2
-394.0 	1985 	0 	0.2
-472.0 	1986 	0 	0.2
-317.5 	1987 	0 	0.2
-718.5000000000001 	1988 	0 	0.2
-320.0 	1989 	1 	0.2
-463.5 	1990 	0 	0.2
-286.0 	1991 	1 	0.2
-340.0000000000001 	1992 	1 	0.2
-356.5 	1993 	1 	0.2
-288.5 	1994 	1 	0.2
-372.5 	1995 	1 	0.2
-397.5 	1996 	0 	0.2
-453.0 	1997 	0 	0.2
-392.5 	1998 	1 	0.2
-497.5 	1999 	0 	0.2
