-409.5 	0 	0 	0.2
-769.0 	1 	0 	0.2
-442.0 	2 	0 	0.2
-372.5 	3 	0 	0.2
-440.0 	4 	0 	0.2
-458.5 	5 	0 	0.2
-453.5 	6 	1 	0.2
-392.5 	7 	1 	0.2
-337.0 	8 	1 	0.2
-374.5 	9 	0 	0.2
-636.0 	10 	0 	0.2
-472.0 	11 	0 	0.2
-464.0 	12 	0 	0.2
-263.0 	13 	1 	0.2
-500.0 	14 	0 	0.2
-516.5 	15 	1 	0.2
-567.5 	16 	0 	0.2
-420.0 	17 	0 	0.2
-426.5 	18 	1 	0.2
-530.0 	19 	0 	0.2
-442.0 	20 	0 	0.2
-178.5 	21 	1 	0.2
-458.5 	22 	1 	0.2
-497.0 	23 	1 	0.2
-477.1874999999995 	24 	0 	0.2
-426.5 	25 	0 	0.2
-387.0 	26 	1 	0.2
-292.0 	27 	1 	0.2
-367.0 	28 	1 	0.2
-466.00000000000006 	29 	1 	0.2
-187.5 	30 	1 	0.2
-348.0 	31 	1 	0.2
-404.5 	32 	1 	0.2
-422.0 	33 	0 	0.2
-316.5 	34 	1 	0.2
-268.5 	35 	1 	0.2
-421.2500000000017 	36 	0 	0.2
-266.5 	37 	1 	0.2
-420.75000000000017 	38 	0 	0.2
-242.5 	39 	1 	0.2
-474.5 	40 	1 	0.2
-362.0 	41 	1 	0.2
-502.0 	42 	1 	0.2
-469.20000000000033 	43 	1 	0.2
-535.0 	44 	0 	0.2
-285.5 	45 	0 	0.2
-307.5 	46 	1 	0.2
-423.5 	47 	1 	0.2
-314.0 	48 	1 	0.2
-476.0 	49 	0 	0.2
-527.5 	50 	1 	0.2
-480.5 	51 	0 	0.2
-514.0 	52 	0 	0.2
-503.0 	53 	0 	0.2
-382.5 	54 	0 	0.2
-313.0 	55 	1 	0.2
-354.0 	56 	1 	0.2
-203.0 	57 	1 	0.2
-396.5 	58 	0 	0.2
-391.0 	59 	1 	0.2
-87.0 	60 	1 	0.2
-411.5 	61 	0 	0.2
-357.5 	62 	1 	0.2
-274.0 	63 	1 	0.2
-424.5 	64 	0 	0.2
-532.5 	65 	0 	0.2
-362.0 	66 	1 	0.2
-378.0 	67 	0 	0.2
-466.0 	68 	0 	0.2
-434.5 	69 	0 	0.2
-465.0 	70 	0 	0.2
-492.0 	71 	1 	0.2
-345.0 	72 	1 	0.2
-426.5 	73 	0 	0.2
-509.5 	74 	0 	0.2
-414.5 	75 	0 	0.2
-317.5 	76 	1 	0.2
-432.5 	77 	0 	0.2
-370.5 	78 	1 	0.2
-549.7499999999986 	79 	0 	0.2
-434.50000000000085 	80 	0 	0.2
-374.0 	81 	1 	0.2
-413.0 	82 	1 	0.2
-509.5 	83 	0 	0.2
-590.0 	84 	1 	0.2
-449.5 	85 	0 	0.2
-434.5 	86 	0 	0.2
-391.5 	87 	0 	0.2
-255.5 	88 	1 	0.2
-109.5 	89 	1 	0.2
-484.0 	90 	0 	0.2
-402.0 	91 	0 	0.2
-373.5 	92 	1 	0.2
-212.5 	93 	1 	0.2
-312.0 	94 	1 	0.2
-88.0 	95 	1 	0.2
-514.0 	96 	0 	0.2
-469.5 	97 	1 	0.2
-380.5 	98 	1 	0.2
-217.5 	99 	1 	0.2
-196.5 	100 	1 	0.2
-343.0 	101 	1 	0.2
-403.0 	102 	0 	0.2
-208.5 	103 	1 	0.2
-173.5 	104 	1 	0.2
-354.0 	105 	1 	0.2
-392.5 	106 	0 	0.2
-227.5 	107 	1 	0.2
-453.5 	108 	1 	0.2
-503.0 	109 	1 	0.2
-412.5 	110 	0 	0.2
-103.20000000000022 	111 	1 	0.2
-457.5 	112 	0 	0.2
-503.50000000000006 	113 	0 	0.2
-327.0 	114 	1 	0.2
-501.3750000000001 	115 	0 	0.2
-515.5 	116 	0 	0.2
-421.5 	117 	1 	0.2
-437.0 	118 	1 	0.2
-373.0 	119 	1 	0.2
-377.0 	120 	1 	0.2
-339.0 	121 	1 	0.2
-197.5 	122 	1 	0.2
-434.5 	123 	1 	0.2
-380.0 	124 	1 	0.2
-547.5000000000001 	125 	0 	0.2
-380.5 	126 	1 	0.2
-433.75000000000017 	127 	0 	0.2
-366.0 	128 	1 	0.2
-529.0 	129 	0 	0.2
-305.5 	130 	1 	0.2
-366.0 	131 	1 	0.2
-484.0 	132 	0 	0.2
-492.09999999999997 	133 	1 	0.2
-279.5 	134 	1 	0.2
-423.5 	135 	0 	0.2
-430.0 	136 	0 	0.2
-384.0 	137 	0 	0.2
-488.0 	138 	0 	0.2
-427.5 	139 	0 	0.2
-465.7499999999997 	140 	0 	0.2
-413.0000000000001 	141 	0 	0.2
-447.0 	142 	0 	0.2
-365.0 	143 	1 	0.2
-410.0 	144 	0 	0.2
-301.0 	145 	1 	0.2
-517.0 	146 	0 	0.2
-391.0 	147 	0 	0.2
-172.5 	148 	1 	0.2
-317.0 	149 	1 	0.2
-420.5 	150 	1 	0.2
-440.50000000000006 	151 	0 	0.2
-290.0 	152 	1 	0.2
-361.5 	153 	1 	0.2
-456.40000000000015 	154 	0 	0.2
-417.0 	155 	0 	0.2
-230.5 	156 	1 	0.2
-264.0 	157 	1 	0.2
-559.7500000000005 	158 	0 	0.2
-468.3750000000001 	159 	0 	0.2
-462.0 	160 	0 	0.2
-424.0 	161 	0 	0.2
-334.5 	162 	1 	0.2
-410.5 	163 	1 	0.2
-511.0 	164 	1 	0.2
-237.0 	165 	1 	0.2
-477.0 	166 	0 	0.2
-300.5 	167 	1 	0.2
-339.0 	168 	1 	0.2
-398.5 	169 	0 	0.2
-356.5 	170 	1 	0.2
-316.0 	171 	1 	0.2
-67.0 	172 	1 	0.2
-364.5 	173 	1 	0.2
-354.0 	174 	1 	0.2
-211.0 	175 	1 	0.2
-343.5 	176 	1 	0.2
-309.0 	177 	1 	0.2
-370.5 	178 	1 	0.2
-434.5 	179 	1 	0.2
-398.5 	180 	1 	0.2
-460.10000000000014 	181 	1 	0.2
-257.0 	182 	1 	0.2
-382.5 	183 	0 	0.2
-518.6999999999999 	184 	0 	0.2
-424.0 	185 	0 	0.2
-467.0 	186 	0 	0.2
-302.0 	187 	1 	0.2
-278.0 	188 	1 	0.2
-496.5 	189 	0 	0.2
-421.0 	190 	0 	0.2
-276.0 	191 	1 	0.2
-450.0 	192 	0 	0.2
-544.0 	193 	0 	0.2
-416.0 	194 	0 	0.2
-425.5 	195 	1 	0.2
-321.5 	196 	1 	0.2
-430.0 	197 	0 	0.2
-540.5 	198 	0 	0.2
-281.5 	199 	1 	0.2
-292.8000000000002 	200 	1 	0.2
-355.0 	201 	1 	0.2
-362.0 	202 	0 	0.2
-272.5 	203 	1 	0.2
-308.5 	204 	1 	0.2
-442.5 	205 	0 	0.2
-479.5 	206 	0 	0.2
-325.0 	207 	1 	0.2
-447.5 	208 	0 	0.2
-432.5 	209 	1 	0.2
-418.0 	210 	1 	0.2
-152.0 	211 	1 	0.2
-525.5 	212 	0 	0.2
-339.0 	213 	1 	0.2
-400.5 	214 	1 	0.2
-314.0 	215 	1 	0.2
-299.5 	216 	1 	0.2
-431.0 	217 	0 	0.2
-314.5 	218 	0 	0.2
-412.5 	219 	0 	0.2
-388.5 	220 	0 	0.2
-427.0 	221 	1 	0.2
-444.0 	222 	0 	0.2
-467.0 	223 	0 	0.2
-409.5 	224 	1 	0.2
-458.0 	225 	1 	0.2
-504.0 	226 	0 	0.2
-342.5 	227 	0 	0.2
-401.5 	228 	1 	0.2
-387.0 	229 	1 	0.2
-502.0 	230 	0 	0.2
-235.0 	231 	1 	0.2
-165.5 	232 	1 	0.2
-469.5 	233 	0 	0.2
-117.5 	234 	1 	0.2
-396.0 	235 	1 	0.2
-270.5 	236 	1 	0.2
-183.0 	237 	1 	0.2
-185.5 	238 	1 	0.2
-357.5 	239 	1 	0.2
-537.0 	240 	0 	0.2
-231.0 	241 	1 	0.2
-473.5 	242 	0 	0.2
-387.0 	243 	1 	0.2
-261.5 	244 	1 	0.2
-520.5 	245 	1 	0.2
-446.6000000000006 	246 	1 	0.2
-334.0 	247 	0 	0.2
-433.0 	248 	1 	0.2
-360.5 	249 	1 	0.2
-460.0 	250 	0 	0.2
-452.5 	251 	0 	0.2
-369.5 	252 	1 	0.2
-201.5 	253 	1 	0.2
-354.0 	254 	1 	0.2
-494.0 	255 	0 	0.2
-339.5 	256 	1 	0.2
-323.5 	257 	1 	0.2
-543.5 	258 	1 	0.2
-563.0 	259 	0 	0.2
-400.0 	260 	1 	0.2
-485.0 	261 	0 	0.2
-338.5 	262 	0 	0.2
-490.0 	263 	0 	0.2
-381.0 	264 	1 	0.2
-323.0 	265 	1 	0.2
-491.0 	266 	1 	0.2
-373.5 	267 	0 	0.2
-424.0 	268 	0 	0.2
-372.0 	269 	1 	0.2
-236.5 	270 	1 	0.2
-275.0 	271 	1 	0.2
-564.0 	272 	0 	0.2
-425.0 	273 	0 	0.2
-393.0 	274 	1 	0.2
-355.5 	275 	1 	0.2
-434.0 	276 	1 	0.2
-195.5 	277 	1 	0.2
-271.5 	278 	1 	0.2
-456.0 	279 	1 	0.2
-178.0 	280 	1 	0.2
-58.0 	281 	1 	0.2
-491.0 	282 	0 	0.2
-447.5 	283 	1 	0.2
-243.5 	284 	1 	0.2
-262.5 	285 	1 	0.2
-209.5 	286 	1 	0.2
-510.5 	287 	0 	0.2
-476.0 	288 	1 	0.2
-520.5 	289 	0 	0.2
-190.0 	290 	1 	0.2
-585.5 	291 	0 	0.2
-434.5 	292 	1 	0.2
-456.81249999999994 	293 	0 	0.2
-437.5 	294 	0 	0.2
-384.5 	295 	0 	0.2
-483.0 	296 	1 	0.2
-450.0 	297 	1 	0.2
-61.0 	298 	1 	0.2
-486.5 	299 	0 	0.2
-438.75000000000006 	300 	0 	0.2
-103.0 	301 	1 	0.2
-228.0 	302 	1 	0.2
-89.0 	303 	1 	0.2
-513.0 	304 	0 	0.2
-312.0 	305 	1 	0.2
-348.5 	306 	0 	0.2
-455.5 	307 	0 	0.2
-441.5 	308 	0 	0.2
-399.5 	309 	0 	0.2
-514.3000000000001 	310 	1 	0.2
-373.5 	311 	1 	0.2
-387.0 	312 	1 	0.2
-371.5 	313 	1 	0.2
-337.0 	314 	1 	0.2
-505.0000000000004 	315 	0 	0.2
-456.5 	316 	1 	0.2
-522.0 	317 	0 	0.2
-382.9 	318 	0 	0.2
-505.0 	319 	0 	0.2
-531.0 	320 	0 	0.2
-110.5 	321 	1 	0.2
-323.0 	322 	1 	0.2
-422.5 	323 	1 	0.2
-472.5 	324 	0 	0.2
-437.0 	325 	0 	0.2
-361.0 	326 	1 	0.2
-210.5 	327 	1 	0.2
-546.5 	328 	0 	0.2
-411.0 	329 	1 	0.2
-349.5 	330 	1 	0.2
-398.0 	331 	1 	0.2
-457.00000000000017 	332 	0 	0.2
-246.5 	333 	1 	0.2
-216.5 	334 	1 	0.2
-491.0 	335 	0 	0.2
-329.5 	336 	1 	0.2
-237.5 	337 	1 	0.2
-491.5 	338 	1 	0.2
-538.5 	339 	0 	0.2
-492.5 	340 	0 	0.2
-459.5 	341 	0 	0.2
-376.0 	342 	1 	0.2
-201.0 	343 	1 	0.2
-364.5 	344 	0 	0.2
-337.5 	345 	1 	0.2
-444.75 	346 	0 	0.2
-321.5 	347 	1 	0.2
-361.0 	348 	1 	0.2
-392.5 	349 	0 	0.2
-313.0 	350 	1 	0.2
-316.0 	351 	1 	0.2
-297.5 	352 	1 	0.2
-301.5 	353 	1 	0.2
-409.0 	354 	0 	0.2
-200.0 	355 	1 	0.2
-387.450000000001 	356 	0 	0.2
-413.0 	357 	0 	0.2
-340.0 	358 	1 	0.2
-491.0 	359 	0 	0.2
-511.5 	360 	0 	0.2
-324.0 	361 	1 	0.2
-111.0 	362 	1 	0.2
-252.5 	363 	1 	0.2
-436.93750000000006 	364 	0 	0.2
-298.5 	365 	1 	0.2
-507.0 	366 	1 	0.2
-258.5 	367 	1 	0.2
-489.49999999999994 	368 	0 	0.2
-181.5 	369 	1 	0.2
-433.5 	370 	0 	0.2
-353.5 	371 	1 	0.2
-380.0 	372 	0 	0.2
-759.7500000000007 	373 	0 	0.2
-308.5 	374 	1 	0.2
-542.0 	375 	0 	0.2
-251.5 	376 	1 	0.2
-171.0 	377 	1 	0.2
-103.0 	378 	1 	0.2
-505.5 	379 	0 	0.2
-500.0 	380 	1 	0.2
-138.5 	381 	1 	0.2
-365.5 	382 	0 	0.2
-318.0 	383 	0 	0.2
-485.0 	384 	0 	0.2
-392.0 	385 	1 	0.2
-283.5 	386 	0 	0.2
-419.0 	387 	0 	0.2
-440.0 	388 	0 	0.2
-283.20000000000005 	389 	1 	0.2
-378.0 	390 	1 	0.2
-428.0 	391 	1 	0.2
-507.5 	392 	0 	0.2
-152.5 	393 	1 	0.2
-508.5 	394 	0 	0.2
-446.0 	395 	0 	0.2
-493.5 	396 	1 	0.2
-511.25000000000006 	397 	0 	0.2
-406.5 	398 	1 	0.2
-285.0 	399 	1 	0.2
-305.0 	400 	0 	0.2
-411.5 	401 	1 	0.2
-396.0 	402 	0 	0.2
-372.5 	403 	0 	0.2
-243.5 	404 	1 	0.2
-294.0 	405 	1 	0.2
-461.49999999999994 	406 	1 	0.2
-435.5 	407 	1 	0.2
-398.37499999999983 	408 	0 	0.2
-227.0 	409 	1 	0.2
-340.0 	410 	1 	0.2
-322.0 	411 	1 	0.2
-301.0 	412 	1 	0.2
-594.0 	413 	0 	0.2
-309.5 	414 	1 	0.2
-250.0 	415 	1 	0.2
-355.0 	416 	1 	0.2
-155.0 	417 	1 	0.2
-399.5000000000003 	418 	0 	0.2
-492.0 	419 	1 	0.2
-443.5 	420 	1 	0.2
-434.5 	421 	0 	0.2
-662.0 	422 	1 	0.2
-546.0 	423 	0 	0.2
-176.5 	424 	1 	0.2
-468.5 	425 	0 	0.2
-265.5 	426 	1 	0.2
-303.0 	427 	1 	0.2
-253.0 	428 	1 	0.2
-175.0 	429 	1 	0.2
-380.29999999999995 	430 	1 	0.2
-380.0 	431 	1 	0.2
-366.0 	432 	1 	0.2
-361.0 	433 	1 	0.2
-396.5 	434 	0 	0.2
-311.0 	435 	1 	0.2
-251.5 	436 	1 	0.2
-332.5 	437 	1 	0.2
-538.0 	438 	0 	0.2
-199.5 	439 	1 	0.2
-380.0 	440 	1 	0.2
-376.5 	441 	1 	0.2
-351.0 	442 	1 	0.2
-356.5 	443 	1 	0.2
-374.0 	444 	1 	0.2
-237.0 	445 	1 	0.2
-545.0 	446 	0 	0.2
-408.5 	447 	1 	0.2
-324.5 	448 	1 	0.2
-433.3499999999999 	449 	0 	0.2
-491.0 	450 	0 	0.2
-502.5000000000001 	451 	0 	0.2
-540.0 	452 	0 	0.2
-493.0 	453 	0 	0.2
-309.0 	454 	1 	0.2
-189.5 	455 	1 	0.2
-444.5 	456 	0 	0.2
-469.5 	457 	0 	0.2
-399.6 	458 	0 	0.2
-439.0 	459 	0 	0.2
-635.0 	460 	1 	0.2
-251.5 	461 	1 	0.2
-245.0 	462 	1 	0.2
-652.0 	463 	0 	0.2
-419.0 	464 	0 	0.2
-367.0 	465 	1 	0.2
-425.0 	466 	0 	0.2
-404.5 	467 	0 	0.2
-278.5 	468 	1 	0.2
-206.5 	469 	1 	0.2
-329.0 	470 	1 	0.2
-355.0 	471 	1 	0.2
-310.5 	472 	0 	0.2
-546.5000000000001 	473 	0 	0.2
-399.7499999999997 	474 	0 	0.2
-232.5 	475 	1 	0.2
-194.0 	476 	1 	0.2
-440.5 	477 	0 	0.2
-166.5 	478 	1 	0.2
-484.5 	479 	0 	0.2
-134.5 	480 	1 	0.2
-518.5 	481 	0 	0.2
-352.5 	482 	1 	0.2
-393.0 	483 	1 	0.2
-333.09999999999997 	484 	1 	0.2
-389.5 	485 	1 	0.2
-324.5 	486 	1 	0.2
-644.0 	487 	1 	0.2
-417.5 	488 	1 	0.2
-435.0 	489 	1 	0.2
-520.9999999999999 	490 	0 	0.2
-242.5 	491 	1 	0.2
-545.5 	492 	1 	0.2
-453.0 	493 	0 	0.2
-78.0 	494 	1 	0.2
-426.5 	495 	1 	0.2
-181.0 	496 	1 	0.2
-360.0 	497 	1 	0.2
-322.0 	498 	1 	0.2
-191.0 	499 	1 	0.2
-388.5 	500 	0 	0.2
-199.0 	501 	1 	0.2
-501.0 	502 	1 	0.2
-365.5 	503 	1 	0.2
-409.8 	504 	1 	0.2
-396.50000000000006 	505 	0 	0.2
-423.5 	506 	0 	0.2
-467.0 	507 	0 	0.2
-418.0 	508 	0 	0.2
-211.39999999999958 	509 	1 	0.2
-297.5 	510 	1 	0.2
-391.4 	511 	1 	0.2
-204.5 	512 	1 	0.2
-474.0 	513 	0 	0.2
-486.5 	514 	1 	0.2
-351.5 	515 	1 	0.2
-414.0 	516 	1 	0.2
-273.0 	517 	1 	0.2
-425.5 	518 	1 	0.2
-457.5 	519 	0 	0.2
-439.0 	520 	0 	0.2
-381.5 	521 	1 	0.2
-109.0 	522 	1 	0.2
-309.5 	523 	1 	0.2
-344.0 	524 	0 	0.2
-439.0 	525 	0 	0.2
-448.5 	526 	0 	0.2
-457.5 	527 	0 	0.2
-409.5 	528 	1 	0.2
-385.5 	529 	0 	0.2
-409.0 	530 	1 	0.2
-488.25000000000006 	531 	0 	0.2
-628.0 	532 	0 	0.2
-441.5 	533 	0 	0.2
-393.0 	534 	1 	0.2
-324.0 	535 	0 	0.2
-241.0 	536 	1 	0.2
-370.0 	537 	1 	0.2
-364.0 	538 	0 	0.2
-217.0 	539 	1 	0.2
-339.0 	540 	1 	0.2
-251.5 	541 	1 	0.2
-302.5 	542 	1 	0.2
-298.0 	543 	1 	0.2
-529.0 	544 	0 	0.2
-454.0 	545 	1 	0.2
-232.5 	546 	1 	0.2
-466.5 	547 	0 	0.2
-476.0 	548 	0 	0.2
-403.5 	549 	1 	0.2
-315.5 	550 	1 	0.2
-411.2499713897706 	551 	0 	0.2
-364.0 	552 	1 	0.2
-391.5 	553 	0 	0.2
-390.25 	554 	0 	0.2
-395.0 	555 	0 	0.2
-374.5 	556 	0 	0.2
-275.0 	557 	1 	0.2
-283.5 	558 	1 	0.2
-386.5 	559 	1 	0.2
-267.0 	560 	1 	0.2
-397.5 	561 	0 	0.2
-445.0 	562 	1 	0.2
-409.5 	563 	0 	0.2
-450.5 	564 	1 	0.2
-534.0 	565 	0 	0.2
-351.0 	566 	1 	0.2
-382.0 	567 	0 	0.2
-530.7500000000001 	568 	0 	0.2
-402.0 	569 	0 	0.2
-392.5 	570 	0 	0.2
-391.3 	571 	0 	0.2
-454.0 	572 	0 	0.2
-382.0 	573 	1 	0.2
-562.0 	574 	1 	0.2
-446.5 	575 	1 	0.2
-369.5 	576 	1 	0.2
-432.0 	577 	1 	0.2
-205.5 	578 	1 	0.2
-417.0 	579 	0 	0.2
-511.0000000000001 	580 	0 	0.2
-430.5 	581 	0 	0.2
-401.5 	582 	1 	0.2
-546.0 	583 	1 	0.2
-452.5 	584 	1 	0.2
-403.0 	585 	1 	0.2
-342.5 	586 	1 	0.2
-261.0 	587 	1 	0.2
-205.29999999999936 	588 	1 	0.2
-454.5 	589 	0 	0.2
-359.5 	590 	1 	0.2
-433.0 	591 	0 	0.2
-467.0 	592 	0 	0.2
-109.0 	593 	1 	0.2
-439.0 	594 	0 	0.2
-566.0 	595 	0 	0.2
-381.0 	596 	1 	0.2
-492.5 	597 	0 	0.2
-332.0 	598 	1 	0.2
-203.0 	599 	1 	0.2
-422.5 	600 	1 	0.2
-188.5 	601 	1 	0.2
-296.0 	602 	1 	0.2
-547.5 	603 	0 	0.2
-425.6250000000002 	604 	0 	0.2
-390.0 	605 	1 	0.2
-250.5 	606 	1 	0.2
-641.0 	607 	0 	0.2
-525.0 	608 	1 	0.2
-478.5 	609 	0 	0.2
-194.5 	610 	1 	0.2
-236.0 	611 	1 	0.2
-581.5 	612 	0 	0.2
-471.5 	613 	1 	0.2
-306.0000000000001 	614 	0 	0.2
-264.0 	615 	1 	0.2
-346.5 	616 	1 	0.2
-307.0 	617 	1 	0.2
-188.0 	618 	1 	0.2
-524.5 	619 	0 	0.2
-492.5 	620 	0 	0.2
-346.0 	621 	1 	0.2
-377.5 	622 	1 	0.2
-378.0 	623 	0 	0.2
-399.0 	624 	1 	0.2
-548.2500000000002 	625 	0 	0.2
-455.0 	626 	1 	0.2
-427.5 	627 	0 	0.2
-242.5 	628 	1 	0.2
-518.5 	629 	0 	0.2
-495.0 	630 	0 	0.2
-445.5 	631 	0 	0.2
-418.5 	632 	1 	0.2
-582.0 	633 	0 	0.2
-372.0 	634 	1 	0.2
-355.0 	635 	1 	0.2
-277.0 	636 	1 	0.2
-335.5 	637 	1 	0.2
-437.0 	638 	0 	0.2
-437.5 	639 	1 	0.2
-438.0 	640 	0 	0.2
-274.0 	641 	1 	0.2
-504.5 	642 	0 	0.2
-296.5 	643 	1 	0.2
-511.0937500000001 	644 	0 	0.2
-228.5 	645 	1 	0.2
-477.74999999999983 	646 	0 	0.2
-290.5 	647 	1 	0.2
-407.0 	648 	1 	0.2
-487.53125000000006 	649 	0 	0.2
-589.5 	650 	0 	0.2
-423.5 	651 	0 	0.2
-439.0 	652 	1 	0.2
-460.0 	653 	1 	0.2
-280.0 	654 	1 	0.2
-384.25 	655 	0 	0.2
-348.5 	656 	1 	0.2
-529.0 	657 	1 	0.2
-193.0 	658 	1 	0.2
-442.4 	659 	0 	0.2
-226.0 	660 	1 	0.2
-356.0 	661 	1 	0.2
-415.5 	662 	1 	0.2
-405.5 	663 	1 	0.2
-372.5 	664 	0 	0.2
-429.5 	665 	1 	0.2
-413.5 	666 	0 	0.2
-342.0 	667 	1 	0.2
-472.5 	668 	0 	0.2
-282.0 	669 	1 	0.2
24.5 	670 	1 	0.2
-423.0 	671 	0 	0.2
-448.5 	672 	0 	0.2
-500.5 	673 	1 	0.2
-281.5 	674 	1 	0.2
-294.1000000000002 	675 	1 	0.2
-381.5 	676 	1 	0.2
-286.0 	677 	1 	0.2
-433.5 	678 	0 	0.2
-435.5 	679 	0 	0.2
-567.0 	680 	1 	0.2
-422.0 	681 	1 	0.2
-518.3000000000003 	682 	0 	0.2
-321.0 	683 	1 	0.2
-335.5 	684 	1 	0.2
-500.5 	685 	0 	0.2
-222.5 	686 	1 	0.2
-348.19999999999976 	687 	0 	0.2
-384.0 	688 	1 	0.2
-108.5 	689 	1 	0.2
-339.5 	690 	0 	0.2
-433.0 	691 	0 	0.2
-509.5 	692 	0 	0.2
-533.5 	693 	0 	0.2
-308.5 	694 	1 	0.2
-450.5 	695 	0 	0.2
-338.0 	696 	0 	0.2
-331.5 	697 	1 	0.2
-216.0 	698 	1 	0.2
-440.0 	699 	1 	0.2
-418.0 	700 	1 	0.2
-472.0 	701 	0 	0.2
-495.5 	702 	0 	0.2
-368.6249999999995 	703 	0 	0.2
-383.0 	704 	1 	0.2
-354.0 	705 	1 	0.2
-373.0 	706 	1 	0.2
-294.0 	707 	1 	0.2
-457.5 	708 	1 	0.2
-279.5 	709 	0 	0.2
-315.0 	710 	1 	0.2
-456.0 	711 	0 	0.2
-183.0 	712 	1 	0.2
-215.5 	713 	1 	0.2
-480.0 	714 	0 	0.2
-490.0 	715 	1 	0.2
-253.5 	716 	1 	0.2
-302.99999999999994 	717 	1 	0.2
-232.5 	718 	1 	0.2
-376.0 	719 	0 	0.2
-326.5 	720 	1 	0.2
-88.5 	721 	1 	0.2
-295.5 	722 	1 	0.2
-332.5 	723 	1 	0.2
-581.0 	724 	0 	0.2
-300.0 	725 	1 	0.2
-393.5 	726 	1 	0.2
-464.0 	727 	0 	0.2
-133.5 	728 	1 	0.2
-522.29375 	729 	0 	0.2
-469.5 	730 	0 	0.2
-424.5 	731 	0 	0.2
-283.0 	732 	1 	0.2
-319.0 	733 	1 	0.2
-412.5 	734 	0 	0.2
-411.5 	735 	1 	0.2
-428.0 	736 	1 	0.2
-532.0 	737 	1 	0.2
-416.5 	738 	0 	0.2
-412.5 	739 	1 	0.2
-334.0 	740 	1 	0.2
-411.0 	741 	1 	0.2
-215.5 	742 	1 	0.2
-233.5 	743 	1 	0.2
-381.5 	744 	0 	0.2
-330.5 	745 	1 	0.2
-565.0 	746 	0 	0.2
-301.5 	747 	1 	0.2
-475.5 	748 	0 	0.2
-550.5 	749 	0 	0.2
-321.5 	750 	0 	0.2
-443.5 	751 	1 	0.2
-436.5 	752 	0 	0.2
-350.9999999999997 	753 	0 	0.2
-275.0 	754 	1 	0.2
-396.0 	755 	1 	0.2
-142.5 	756 	1 	0.2
-326.5 	757 	1 	0.2
-146.0 	758 	1 	0.2
-97.0 	759 	1 	0.2
-446.5 	760 	0 	0.2
-293.5 	761 	1 	0.2
-215.5 	762 	1 	0.2
-9.0 	763 	1 	0.2
-252.0 	764 	1 	0.2
-101.5 	765 	1 	0.2
-385.5 	766 	1 	0.2
-319.5 	767 	1 	0.2
-462.5 	768 	0 	0.2
-283.0 	769 	1 	0.2
-311.5 	770 	1 	0.2
-264.0 	771 	1 	0.2
-249.0 	772 	1 	0.2
-368.0 	773 	1 	0.2
-206.5 	774 	1 	0.2
-529.5 	775 	0 	0.2
-323.5 	776 	0 	0.2
-232.5 	777 	1 	0.2
-217.5 	778 	1 	0.2
-283.0 	779 	1 	0.2
-528.5 	780 	0 	0.2
-383.0 	781 	0 	0.2
-311.5 	782 	1 	0.2
-443.0 	783 	0 	0.2
-429.0 	784 	1 	0.2
-431.0 	785 	0 	0.2
-258.0 	786 	1 	0.2
-503.0 	787 	1 	0.2
-278.6000000000002 	788 	1 	0.2
-462.5 	789 	0 	0.2
-348.0 	790 	0 	0.2
-595.8749999999993 	791 	0 	0.2
-437.0 	792 	1 	0.2
-405.5 	793 	1 	0.2
-192.5 	794 	1 	0.2
-350.0 	795 	1 	0.2
-206.5 	796 	1 	0.2
-373.5 	797 	1 	0.2
-315.0 	798 	1 	0.2
-479.0 	799 	1 	0.2
-448.5 	800 	0 	0.2
-442.5000000000001 	801 	0 	0.2
-404.0 	802 	0 	0.2
-308.0 	803 	1 	0.2
-532.5 	804 	0 	0.2
-361.99999999999955 	805 	0 	0.2
-477.5 	806 	0 	0.2
-432.0 	807 	1 	0.2
-521.0 	808 	1 	0.2
-171.5 	809 	1 	0.2
-420.5 	810 	0 	0.2
-495.0 	811 	0 	0.2
-431.5 	812 	0 	0.2
-401.0 	813 	0 	0.2
-424.5 	814 	0 	0.2
-334.0 	815 	1 	0.2
-440.5 	816 	0 	0.2
-531.5 	817 	0 	0.2
-442.0 	818 	0 	0.2
-402.0 	819 	0 	0.2
-483.5 	820 	0 	0.2
-367.0 	821 	1 	0.2
-161.5 	822 	1 	0.2
-386.0 	823 	1 	0.2
-470.5 	824 	0 	0.2
-370.0 	825 	0 	0.2
-395.2499999999993 	826 	0 	0.2
-417.7500000000001 	827 	0 	0.2
-402.0000000000001 	828 	0 	0.2
-310.5 	829 	1 	0.2
-242.5 	830 	1 	0.2
-418.0 	831 	1 	0.2
-436.5 	832 	1 	0.2
-487.20000000000005 	833 	1 	0.2
-618.0000000000003 	834 	0 	0.2
-467.0 	835 	0 	0.2
-300.0 	836 	1 	0.2
-190.5 	837 	1 	0.2
-537.0000000000001 	838 	0 	0.2
-471.0 	839 	1 	0.2
-369.5 	840 	1 	0.2
-626.5 	841 	0 	0.2
-481.0 	842 	0 	0.2
-233.0 	843 	1 	0.2
-351.0 	844 	1 	0.2
-510.37499999999994 	845 	0 	0.2
-543.75 	846 	0 	0.2
-427.5 	847 	1 	0.2
-566.0 	848 	0 	0.2
-371.0 	849 	0 	0.2
-527.5 	850 	0 	0.2
-449.5 	851 	0 	0.2
-158.0 	852 	1 	0.2
-323.5 	853 	1 	0.2
-98.5 	854 	1 	0.2
-572.5 	855 	0 	0.2
-207.0 	856 	1 	0.2
-435.5 	857 	0 	0.2
-493.0 	858 	0 	0.2
-277.0 	859 	1 	0.2
-214.5 	860 	1 	0.2
-227.0 	861 	1 	0.2
-461.0 	862 	1 	0.2
-394.0 	863 	0 	0.2
-329.0 	864 	1 	0.2
-386.125 	865 	0 	0.2
-604.0 	866 	0 	0.2
-511.9000000000002 	867 	0 	0.2
-329.40000000000003 	868 	1 	0.2
-483.5 	869 	0 	0.2
-382.5 	870 	1 	0.2
-482.0 	871 	0 	0.2
-312.0 	872 	1 	0.2
-405.5 	873 	0 	0.2
-288.5 	874 	1 	0.2
-288.0 	875 	1 	0.2
-330.5 	876 	1 	0.2
-470.5 	877 	1 	0.2
-241.5 	878 	0 	0.2
-357.0 	879 	1 	0.2
-236.5 	880 	1 	0.2
-160.0 	881 	1 	0.2
-222.5 	882 	1 	0.2
-314.0 	883 	1 	0.2
-364.5 	884 	1 	0.2
-268.0 	885 	1 	0.2
-483.5 	886 	1 	0.2
-226.0 	887 	1 	0.2
-236.60000000000002 	888 	1 	0.2
-453.5 	889 	1 	0.2
-426.0 	890 	1 	0.2
-240.5 	891 	1 	0.2
-442.5 	892 	0 	0.2
-464.0 	893 	1 	0.2
-460.0 	894 	0 	0.2
-349.5 	895 	1 	0.2
-450.60000000000014 	896 	0 	0.2
-458.0 	897 	1 	0.2
-306.5 	898 	1 	0.2
-529.5 	899 	0 	0.2
-533.8 	900 	1 	0.2
-419.5 	901 	0 	0.2
-485.0 	902 	0 	0.2
-431.5 	903 	1 	0.2
-319.5 	904 	1 	0.2
-445.5 	905 	0 	0.2
-465.0 	906 	0 	0.2
-427.0 	907 	1 	0.2
-463.0 	908 	1 	0.2
-336.0 	909 	1 	0.2
-377.5 	910 	0 	0.2
-533.0 	911 	0 	0.2
-317.5 	912 	1 	0.2
-339.5 	913 	0 	0.2
-440.5 	914 	0 	0.2
-379.5 	915 	0 	0.2
-447.0 	916 	0 	0.2
-493.25000000000335 	917 	0 	0.2
-440.0 	918 	1 	0.2
-357.0 	919 	1 	0.2
-434.5 	920 	1 	0.2
-341.0 	921 	1 	0.2
-302.5 	922 	1 	0.2
-352.0 	923 	1 	0.2
-290.5 	924 	1 	0.2
-356.0 	925 	0 	0.2
-245.0 	926 	1 	0.2
-429.37500000000006 	927 	0 	0.2
-514.7999999999996 	928 	1 	0.2
-221.5 	929 	1 	0.2
-398.0 	930 	1 	0.2
-417.0 	931 	1 	0.2
-124.5 	932 	1 	0.2
-459.5 	933 	1 	0.2
-368.0 	934 	0 	0.2
-428.5 	935 	0 	0.2
-461.0 	936 	0 	0.2
-565.0 	937 	0 	0.2
-498.0 	938 	0 	0.2
-364.5 	939 	0 	0.2
-443.5 	940 	1 	0.2
-458.0 	941 	1 	0.2
-302.0 	942 	1 	0.2
-428.0 	943 	1 	0.2
-288.0 	944 	1 	0.2
-292.4000000000001 	945 	1 	0.2
-478.5 	946 	1 	0.2
-313.5 	947 	1 	0.2
-549.0 	948 	0 	0.2
-266.5 	949 	1 	0.2
-405.5 	950 	0 	0.2
-313.5 	951 	1 	0.2
-255.5 	952 	1 	0.2
-413.0 	953 	0 	0.2
-393.0 	954 	0 	0.2
-544.5 	955 	0 	0.2
-316.5 	956 	1 	0.2
-288.5 	957 	1 	0.2
-354.7000000000002 	958 	1 	0.2
-283.5 	959 	1 	0.2
-199.5 	960 	1 	0.2
-393.5 	961 	1 	0.2
-252.5 	962 	1 	0.2
-122.0 	963 	1 	0.2
-319.4999999999999 	964 	1 	0.2
-413.5 	965 	0 	0.2
-391.5 	966 	1 	0.2
-120.5 	967 	1 	0.2
-287.0 	968 	1 	0.2
-439.5 	969 	0 	0.2
-242.5 	970 	1 	0.2
-455.0 	971 	0 	0.2
-262.0 	972 	1 	0.2
-240.0 	973 	1 	0.2
-254.0 	974 	1 	0.2
-243.0 	975 	1 	0.2
-352.0 	976 	0 	0.2
-268.5 	977 	1 	0.2
-489.5 	978 	0 	0.2
-388.0 	979 	0 	0.2
-482.0 	980 	0 	0.2
-315.0 	981 	1 	0.2
-283.0 	982 	1 	0.2
-329.5 	983 	1 	0.2
-131.0 	984 	1 	0.2
-324.5 	985 	1 	0.2
-340.5 	986 	0 	0.2
-256.0 	987 	1 	0.2
-136.5 	988 	1 	0.2
-362.0 	989 	1 	0.2
-185.5 	990 	1 	0.2
-459.0 	991 	1 	0.2
-380.0 	992 	1 	0.2
-425.0 	993 	0 	0.2
-339.5 	994 	1 	0.2
-432.5 	995 	0 	0.2
-318.0 	996 	1 	0.2
-434.00000000000017 	997 	0 	0.2
-469.5 	998 	0 	0.2
-366.5 	999 	1 	0.2
-410.0 	1000 	1 	0.2
-333.0000000000001 	1001 	0 	0.2
-388.5 	1002 	0 	0.2
-375.5 	1003 	1 	0.2
-455.5 	1004 	1 	0.2
-449.0 	1005 	0 	0.2
-320.0 	1006 	1 	0.2
-589.6 	1007 	1 	0.2
-346.5 	1008 	1 	0.2
-305.0 	1009 	1 	0.2
-332.0 	1010 	1 	0.2
-366.5 	1011 	0 	0.2
-460.5 	1012 	0 	0.2
-415.0 	1013 	0 	0.2
-425.0 	1014 	1 	0.2
-375.5 	1015 	1 	0.2
-356.0 	1016 	1 	0.2
-333.5 	1017 	1 	0.2
-274.0 	1018 	1 	0.2
-467.5 	1019 	0 	0.2
-453.0 	1020 	0 	0.2
-455.5 	1021 	0 	0.2
-331.5 	1022 	1 	0.2
-401.5 	1023 	0 	0.2
-558.5 	1024 	1 	0.2
-266.0 	1025 	1 	0.2
-322.5 	1026 	1 	0.2
-423.6 	1027 	1 	0.2
-330.0 	1028 	1 	0.2
-364.5 	1029 	0 	0.2
-237.0 	1030 	1 	0.2
-110.5 	1031 	1 	0.2
-346.0 	1032 	1 	0.2
-486.5 	1033 	1 	0.2
-437.5000000000002 	1034 	0 	0.2
-379.5 	1035 	1 	0.2
-355.5 	1036 	1 	0.2
-402.0 	1037 	0 	0.2
-346.0 	1038 	1 	0.2
-494.0 	1039 	1 	0.2
-352.0 	1040 	1 	0.2
-464.5 	1041 	1 	0.2
-509.5 	1042 	0 	0.2
-164.0 	1043 	1 	0.2
-305.50000000000006 	1044 	0 	0.2
-403.0 	1045 	0 	0.2
-338.5 	1046 	1 	0.2
-389.0 	1047 	0 	0.2
-350.0 	1048 	1 	0.2
-341.5 	1049 	1 	0.2
-412.5 	1050 	1 	0.2
-252.5 	1051 	1 	0.2
-444.0 	1052 	0 	0.2
-383.0 	1053 	1 	0.2
-327.0 	1054 	1 	0.2
-200.5 	1055 	1 	0.2
-266.40000000000003 	1056 	1 	0.2
-249.0 	1057 	1 	0.2
-530.75 	1058 	0 	0.2
-611.5 	1059 	0 	0.2
-580.5 	1060 	0 	0.2
-204.0 	1061 	1 	0.2
-450.0 	1062 	0 	0.2
-425.0 	1063 	1 	0.2
-495.5 	1064 	0 	0.2
-256.0 	1065 	1 	0.2
-337.5 	1066 	1 	0.2
-322.0 	1067 	1 	0.2
-395.50000000000006 	1068 	0 	0.2
-388.5 	1069 	1 	0.2
-293.5 	1070 	1 	0.2
-505.0 	1071 	0 	0.2
-374.0 	1072 	1 	0.2
-430.0 	1073 	1 	0.2
-271.0 	1074 	1 	0.2
-307.0 	1075 	1 	0.2
-420.5 	1076 	0 	0.2
-275.0 	1077 	1 	0.2
-451.0000000000001 	1078 	0 	0.2
-356.5 	1079 	0 	0.2
-498.0 	1080 	0 	0.2
-414.0 	1081 	0 	0.2
-455.0 	1082 	0 	0.2
-494.0 	1083 	1 	0.2
-194.5 	1084 	1 	0.2
-438.5 	1085 	0 	0.2
-416.5 	1086 	1 	0.2
-343.5 	1087 	1 	0.2
-388.0 	1088 	1 	0.2
-197.0 	1089 	1 	0.2
-329.0 	1090 	1 	0.2
-376.19999999999914 	1091 	1 	0.2
-549.5 	1092 	0 	0.2
-411.0 	1093 	0 	0.2
-378.5 	1094 	1 	0.2
-176.5 	1095 	1 	0.2
-385.0 	1096 	1 	0.2
-376.0 	1097 	0 	0.2
-387.0 	1098 	1 	0.2
-474.62500000000006 	1099 	0 	0.2
-373.0 	1100 	0 	0.2
-508.0 	1101 	0 	0.2
-377.0 	1102 	1 	0.2
-275.0 	1103 	1 	0.2
-370.0 	1104 	0 	0.2
-360.5 	1105 	0 	0.2
-450.0 	1106 	0 	0.2
-305.5 	1107 	1 	0.2
-315.0 	1108 	1 	0.2
-404.5 	1109 	1 	0.2
-345.0 	1110 	1 	0.2
-271.0 	1111 	1 	0.2
-372.5 	1112 	1 	0.2
-462.5 	1113 	1 	0.2
-279.5 	1114 	1 	0.2
-388.0 	1115 	0 	0.2
-117.5 	1116 	1 	0.2
-389.5 	1117 	0 	0.2
-399.0 	1118 	0 	0.2
-229.5 	1119 	1 	0.2
-421.5 	1120 	1 	0.2
-320.0 	1121 	1 	0.2
-445.0 	1122 	1 	0.2
-273.0 	1123 	1 	0.2
-143.0 	1124 	1 	0.2
-330.0 	1125 	1 	0.2
-484.5 	1126 	1 	0.2
-242.5 	1127 	1 	0.2
-546.0 	1128 	0 	0.2
-457.5 	1129 	1 	0.2
-325.0 	1130 	1 	0.2
-361.5 	1131 	1 	0.2
-412.0 	1132 	1 	0.2
-218.5 	1133 	1 	0.2
-569.5 	1134 	0 	0.2
-498.5 	1135 	0 	0.2
-129.5 	1136 	1 	0.2
-262.0 	1137 	1 	0.2
-426.5 	1138 	1 	0.2
-434.0 	1139 	1 	0.2
-487.99999999999994 	1140 	0 	0.2
-307.80000000000024 	1141 	1 	0.2
-530.0 	1142 	0 	0.2
-421.4000000000001 	1143 	0 	0.2
-450.0 	1144 	0 	0.2
-525.0 	1145 	0 	0.2
-405.49999999999994 	1146 	0 	0.2
-387.7000000000001 	1147 	0 	0.2
-294.0 	1148 	1 	0.2
-290.0 	1149 	1 	0.2
-425.5 	1150 	1 	0.2
-300.5 	1151 	0 	0.2
-401.0 	1152 	0 	0.2
-154.0 	1153 	1 	0.2
-510.0 	1154 	0 	0.2
-369.5 	1155 	1 	0.2
-403.0 	1156 	1 	0.2
-181.0 	1157 	1 	0.2
-315.5 	1158 	1 	0.2
-228.90000000000012 	1159 	1 	0.2
-409.5 	1160 	0 	0.2
-306.5 	1161 	0 	0.2
-385.5 	1162 	1 	0.2
-358.5 	1163 	1 	0.2
-464.24999999999994 	1164 	0 	0.2
-393.5 	1165 	1 	0.2
-627.5 	1166 	0 	0.2
-106.5 	1167 	1 	0.2
-327.0 	1168 	1 	0.2
-500.5 	1169 	1 	0.2
-449.5 	1170 	0 	0.2
-397.5 	1171 	0 	0.2
-192.5 	1172 	1 	0.2
-508.5 	1173 	0 	0.2
-485.5 	1174 	1 	0.2
-325.5 	1175 	1 	0.2
-502.0 	1176 	0 	0.2
-450.0 	1177 	1 	0.2
-400.0 	1178 	0 	0.2
-448.0 	1179 	0 	0.2
-415.0 	1180 	0 	0.2
-384.1 	1181 	1 	0.2
-302.5 	1182 	1 	0.2
-126.79999999999998 	1183 	1 	0.2
-546.0 	1184 	0 	0.2
-266.5 	1185 	1 	0.2
-403.0 	1186 	1 	0.2
-378.0 	1187 	1 	0.2
-340.0 	1188 	1 	0.2
-448.5 	1189 	0 	0.2
-366.0 	1190 	1 	0.2
-423.0 	1191 	1 	0.2
-488.0 	1192 	0 	0.2
-323.25000000000233 	1193 	0 	0.2
-397.0 	1194 	1 	0.2
-441.5 	1195 	1 	0.2
-345.0 	1196 	1 	0.2
-274.5 	1197 	1 	0.2
-377.0 	1198 	0 	0.2
-286.5 	1199 	1 	0.2
-511.0 	1200 	1 	0.2
-380.5 	1201 	1 	0.2
-272.0 	1202 	1 	0.2
-270.0 	1203 	1 	0.2
-358.5 	1204 	0 	0.2
-437.5 	1205 	1 	0.2
-456.5 	1206 	0 	0.2
-401.0 	1207 	1 	0.2
-330.5 	1208 	1 	0.2
-326.0 	1209 	0 	0.2
-375.5 	1210 	1 	0.2
-346.5 	1211 	0 	0.2
-535.5 	1212 	0 	0.2
-444.0 	1213 	0 	0.2
-430.5 	1214 	1 	0.2
-444.50000000000006 	1215 	0 	0.2
-611.0 	1216 	0 	0.2
-517.0 	1217 	0 	0.2
-342.0 	1218 	1 	0.2
-258.7 	1219 	0 	0.2
-420.0 	1220 	1 	0.2
-391.7500000000001 	1221 	0 	0.2
-295.5 	1222 	1 	0.2
-416.0 	1223 	0 	0.2
-433.5 	1224 	0 	0.2
-612.0 	1225 	0 	0.2
-407.5 	1226 	0 	0.2
-313.0 	1227 	1 	0.2
-571.0 	1228 	0 	0.2
-449.5 	1229 	1 	0.2
-482.0 	1230 	1 	0.2
-325.87500000000006 	1231 	0 	0.2
-362.5 	1232 	1 	0.2
-414.0 	1233 	0 	0.2
-250.0 	1234 	1 	0.2
-411.0 	1235 	1 	0.2
-465.5 	1236 	1 	0.2
-422.99999999999994 	1237 	0 	0.2
-389.0 	1238 	0 	0.2
-471.5 	1239 	0 	0.2
-193.0 	1240 	1 	0.2
-275.0 	1241 	1 	0.2
-492.0 	1242 	0 	0.2
-449.0 	1243 	0 	0.2
-465.34999999999985 	1244 	0 	0.2
-428.0 	1245 	0 	0.2
-387.5 	1246 	1 	0.2
-376.5 	1247 	1 	0.2
-436.0 	1248 	0 	0.2
-448.0 	1249 	0 	0.2
-405.5 	1250 	1 	0.2
-255.5 	1251 	1 	0.2
-511.5 	1252 	0 	0.2
-398.5 	1253 	0 	0.2
-570.5 	1254 	0 	0.2
-315.5 	1255 	1 	0.2
-309.0 	1256 	1 	0.2
-460.99999999999994 	1257 	0 	0.2
-315.5 	1258 	1 	0.2
-503.0 	1259 	0 	0.2
-453.0 	1260 	0 	0.2
-383.5 	1261 	1 	0.2
-367.5 	1262 	0 	0.2
-356.5 	1263 	1 	0.2
-487.0 	1264 	0 	0.2
-180.0 	1265 	1 	0.2
-399.0 	1266 	1 	0.2
-124.5 	1267 	1 	0.2
-184.5 	1268 	1 	0.2
-407.5 	1269 	1 	0.2
-586.5 	1270 	1 	0.2
-183.0 	1271 	1 	0.2
-517.5000000000002 	1272 	0 	0.2
-430.0 	1273 	1 	0.2
-450.0 	1274 	0 	0.2
-331.0 	1275 	1 	0.2
-439.5 	1276 	0 	0.2
-472.25000000000017 	1277 	0 	0.2
-423.0 	1278 	0 	0.2
-495.0 	1279 	0 	0.2
-523.5 	1280 	0 	0.2
-140.5 	1281 	1 	0.2
-373.0 	1282 	1 	0.2
-516.0 	1283 	0 	0.2
-506.0 	1284 	0 	0.2
-356.6000000000001 	1285 	1 	0.2
-374.5 	1286 	1 	0.2
-457.5 	1287 	0 	0.2
-502.43750000000017 	1288 	0 	0.2
-305.5 	1289 	1 	0.2
-406.0 	1290 	1 	0.2
-491.5 	1291 	0 	0.2
-402.0 	1292 	0 	0.2
-476.0 	1293 	1 	0.2
-502.5 	1294 	1 	0.2
-488.0 	1295 	0 	0.2
-337.0 	1296 	1 	0.2
-542.0 	1297 	0 	0.2
-493.5 	1298 	0 	0.2
-465.5 	1299 	0 	0.2
-420.0 	1300 	0 	0.2
-366.5 	1301 	0 	0.2
-505.5 	1302 	0 	0.2
-346.0 	1303 	1 	0.2
-400.5 	1304 	1 	0.2
-322.5 	1305 	1 	0.2
-496.0 	1306 	1 	0.2
-139.5 	1307 	1 	0.2
-248.5 	1308 	1 	0.2
-293.6999999999998 	1309 	0 	0.2
-250.0 	1310 	1 	0.2
-296.0 	1311 	1 	0.2
-425.5 	1312 	1 	0.2
-638.5 	1313 	0 	0.2
-459.5 	1314 	0 	0.2
-364.5 	1315 	1 	0.2
-510.0 	1316 	0 	0.2
-324.5 	1317 	1 	0.2
-301.5 	1318 	1 	0.2
-514.0 	1319 	0 	0.2
-412.5 	1320 	1 	0.2
-449.5 	1321 	1 	0.2
-275.0 	1322 	1 	0.2
-331.0 	1323 	1 	0.2
-327.5 	1324 	1 	0.2
-458.5 	1325 	1 	0.2
-215.0 	1326 	1 	0.2
-406.5 	1327 	0 	0.2
-478.5 	1328 	0 	0.2
-442.0 	1329 	1 	0.2
-352.5 	1330 	1 	0.2
-128.5 	1331 	1 	0.2
-412.5 	1332 	1 	0.2
-325.19999999999686 	1333 	1 	0.2
-303.0 	1334 	1 	0.2
-377.0 	1335 	0 	0.2
-251.5 	1336 	1 	0.2
-415.0 	1337 	1 	0.2
-253.5 	1338 	1 	0.2
-425.5 	1339 	1 	0.2
-528.5 	1340 	1 	0.2
-504.0 	1341 	0 	0.2
-245.5 	1342 	1 	0.2
-313.0 	1343 	1 	0.2
-236.5 	1344 	1 	0.2
-536.5000000000001 	1345 	0 	0.2
-134.0 	1346 	1 	0.2
-381.0 	1347 	1 	0.2
-268.5 	1348 	1 	0.2
-287.5 	1349 	1 	0.2
-503.7500000000001 	1350 	0 	0.2
-475.0 	1351 	0 	0.2
-209.5 	1352 	1 	0.2
-231.5 	1353 	1 	0.2
-299.0 	1354 	1 	0.2
-170.5 	1355 	1 	0.2
-278.0 	1356 	1 	0.2
-288.5 	1357 	1 	0.2
-276.5 	1358 	1 	0.2
-335.84999999999985 	1359 	1 	0.2
-434.0 	1360 	1 	0.2
-354.5 	1361 	1 	0.2
-146.5 	1362 	1 	0.2
-369.0 	1363 	1 	0.2
-224.0 	1364 	1 	0.2
-457.0 	1365 	0 	0.2
-271.0 	1366 	1 	0.2
-374.0 	1367 	1 	0.2
-385.00000000000006 	1368 	0 	0.2
-448.5 	1369 	1 	0.2
-334.0 	1370 	0 	0.2
-277.0 	1371 	1 	0.2
-378.0 	1372 	0 	0.2
-239.0 	1373 	1 	0.2
-357.5 	1374 	1 	0.2
-215.0 	1375 	1 	0.2
-297.5 	1376 	1 	0.2
-499.00000000000017 	1377 	0 	0.2
-351.0 	1378 	1 	0.2
-514.7499999999984 	1379 	0 	0.2
-281.5 	1380 	1 	0.2
-281.0 	1381 	1 	0.2
-364.0 	1382 	1 	0.2
-426.5 	1383 	1 	0.2
-309.0 	1384 	1 	0.2
-457.0 	1385 	0 	0.2
-237.0 	1386 	1 	0.2
-376.5 	1387 	0 	0.2
-350.0 	1388 	1 	0.2
-415.0 	1389 	1 	0.2
-374.0 	1390 	1 	0.2
-415.0 	1391 	1 	0.2
-223.0 	1392 	1 	0.2
-471.0 	1393 	1 	0.2
-381.0 	1394 	1 	0.2
-306.0 	1395 	1 	0.2
-587.0 	1396 	0 	0.2
-602.5 	1397 	0 	0.2
-459.0 	1398 	0 	0.2
-140.0 	1399 	1 	0.2
-466.5 	1400 	0 	0.2
-502.0 	1401 	1 	0.2
-238.0 	1402 	1 	0.2
-429.0 	1403 	0 	0.2
-313.0 	1404 	0 	0.2
-258.5 	1405 	1 	0.2
-75.5 	1406 	1 	0.2
-251.10000000000005 	1407 	1 	0.2
-393.99999999999926 	1408 	1 	0.2
-404.0 	1409 	0 	0.2
-257.5 	1410 	1 	0.2
-501.5 	1411 	0 	0.2
-294.0 	1412 	1 	0.2
-375.0 	1413 	1 	0.2
-496.0 	1414 	0 	0.2
-221.0 	1415 	1 	0.2
-257.0 	1416 	1 	0.2
-474.5 	1417 	1 	0.2
-311.0 	1418 	1 	0.2
-441.0 	1419 	1 	0.2
-473.5 	1420 	0 	0.2
-368.0 	1421 	1 	0.2
-306.5 	1422 	1 	0.2
-322.5 	1423 	1 	0.2
-276.1 	1424 	1 	0.2
-278.5 	1425 	1 	0.2
-350.0 	1426 	1 	0.2
-317.5 	1427 	1 	0.2
-433.5 	1428 	0 	0.2
-167.60000000000002 	1429 	1 	0.2
-397.5 	1430 	0 	0.2
-469.0 	1431 	1 	0.2
-479.0 	1432 	1 	0.2
-23.5 	1433 	1 	0.2
-514.0 	1434 	1 	0.2
-289.5 	1435 	1 	0.2
-537.7500000000003 	1436 	0 	0.2
-453.5 	1437 	0 	0.2
-450.5 	1438 	0 	0.2
-505.0 	1439 	1 	0.2
-496.5 	1440 	0 	0.2
-302.5 	1441 	1 	0.2
-496.5 	1442 	0 	0.2
-207.0 	1443 	1 	0.2
-365.0 	1444 	1 	0.2
-310.5 	1445 	0 	0.2
-426.5 	1446 	1 	0.2
-382.5 	1447 	1 	0.2
-258.5 	1448 	1 	0.2
-396.0000000000001 	1449 	0 	0.2
-518.5 	1450 	0 	0.2
-382.0 	1451 	1 	0.2
-508.50000000000017 	1452 	0 	0.2
-102.0 	1453 	1 	0.2
-324.5 	1454 	1 	0.2
-343.0 	1455 	1 	0.2
-507.5 	1456 	1 	0.2
-385.0 	1457 	1 	0.2
-444.125 	1458 	0 	0.2
-150.0 	1459 	1 	0.2
-450.00000000000017 	1460 	1 	0.2
-190.5 	1461 	1 	0.2
-166.5 	1462 	1 	0.2
-278.5 	1463 	1 	0.2
-266.0 	1464 	1 	0.2
-465.0 	1465 	0 	0.2
-359.5 	1466 	1 	0.2
-392.0 	1467 	1 	0.2
-451.0 	1468 	1 	0.2
-354.0 	1469 	1 	0.2
-448.5 	1470 	0 	0.2
-251.0 	1471 	1 	0.2
-356.5 	1472 	0 	0.2
-532.5 	1473 	0 	0.2
-314.0 	1474 	1 	0.2
-451.5 	1475 	0 	0.2
-293.5 	1476 	1 	0.2
-160.5 	1477 	1 	0.2
-357.5 	1478 	1 	0.2
-338.5 	1479 	0 	0.2
-168.0 	1480 	1 	0.2
-368.0 	1481 	1 	0.2
-337.0 	1482 	1 	0.2
-428.5 	1483 	0 	0.2
-416.5 	1484 	1 	0.2
-567.0 	1485 	0 	0.2
-521.0 	1486 	0 	0.2
-224.5 	1487 	1 	0.2
-502.5 	1488 	0 	0.2
-436.5 	1489 	0 	0.2
-406.5 	1490 	0 	0.2
-476.5 	1491 	0 	0.2
-445.0 	1492 	1 	0.2
-147.0 	1493 	1 	0.2
-426.5 	1494 	1 	0.2
-362.0 	1495 	1 	0.2
-112.0 	1496 	1 	0.2
-367.0 	1497 	0 	0.2
-374.5 	1498 	1 	0.2
-428.0 	1499 	0 	0.2
-384.0 	1500 	1 	0.2
-580.9999999999999 	1501 	0 	0.2
-405.0 	1502 	1 	0.2
-202.5 	1503 	1 	0.2
-357.5 	1504 	1 	0.2
-386.5 	1505 	0 	0.2
-478.69999999999953 	1506 	1 	0.2
-453.0 	1507 	0 	0.2
-354.5 	1508 	1 	0.2
-495.19999999999993 	1509 	0 	0.2
-406.5 	1510 	1 	0.2
-331.5 	1511 	1 	0.2
-558.8750000000002 	1512 	0 	0.2
-170.5 	1513 	1 	0.2
-470.0 	1514 	0 	0.2
-357.5 	1515 	1 	0.2
-468.00000000000006 	1516 	0 	0.2
-396.5 	1517 	1 	0.2
-400.0 	1518 	1 	0.2
-540.5 	1519 	0 	0.2
-479.0 	1520 	0 	0.2
-433.0 	1521 	1 	0.2
-402.5 	1522 	0 	0.2
-476.0 	1523 	0 	0.2
-453.0 	1524 	0 	0.2
-431.0 	1525 	0 	0.2
-406.5 	1526 	0 	0.2
-357.5 	1527 	1 	0.2
-412.5 	1528 	1 	0.2
-329.5 	1529 	1 	0.2
-325.0 	1530 	1 	0.2
-310.5 	1531 	1 	0.2
-391.20000000000067 	1532 	0 	0.2
-368.0 	1533 	1 	0.2
-417.5 	1534 	0 	0.2
-390.5 	1535 	0 	0.2
-452.2500000000001 	1536 	0 	0.2
-326.0 	1537 	1 	0.2
-569.5 	1538 	0 	0.2
-464.5 	1539 	1 	0.2
-427.0 	1540 	0 	0.2
-384.5 	1541 	0 	0.2
-416.5 	1542 	1 	0.2
-375.0 	1543 	0 	0.2
-490.5 	1544 	1 	0.2
-352.5 	1545 	1 	0.2
-308.0 	1546 	1 	0.2
-273.0 	1547 	1 	0.2
-462.5 	1548 	1 	0.2
-302.0 	1549 	1 	0.2
-295.5 	1550 	1 	0.2
-352.5 	1551 	0 	0.2
-422.5000000000002 	1552 	0 	0.2
-91.0 	1553 	1 	0.2
-416.5 	1554 	1 	0.2
-57.5 	1555 	1 	0.2
-519.5 	1556 	1 	0.2
-400.5 	1557 	0 	0.2
-333.0 	1558 	1 	0.2
-558.0 	1559 	0 	0.2
-316.5 	1560 	1 	0.2
-395.0 	1561 	0 	0.2
-432.0000000000001 	1562 	0 	0.2
-266.0 	1563 	1 	0.2
-533.0 	1564 	0 	0.2
-504.0 	1565 	0 	0.2
-444.0 	1566 	0 	0.2
-335.0 	1567 	1 	0.2
-376.0 	1568 	1 	0.2
-434.5 	1569 	1 	0.2
-414.5 	1570 	1 	0.2
-385.5 	1571 	1 	0.2
-522.0 	1572 	1 	0.2
-240.5 	1573 	1 	0.2
-439.3750000000003 	1574 	0 	0.2
-297.5 	1575 	1 	0.2
-341.5 	1576 	1 	0.2
-249.20000000000016 	1577 	1 	0.2
-148.0 	1578 	1 	0.2
-274.0 	1579 	1 	0.2
-361.5 	1580 	1 	0.2
-361.5 	1581 	0 	0.2
-321.0 	1582 	1 	0.2
-340.5 	1583 	1 	0.2
-63.0 	1584 	1 	0.2
-269.5 	1585 	1 	0.2
-330.5 	1586 	0 	0.2
-208.5 	1587 	1 	0.2
-356.0 	1588 	1 	0.2
-487.5 	1589 	0 	0.2
-277.5 	1590 	1 	0.2
-367.5 	1591 	0 	0.2
-515.0000000000001 	1592 	0 	0.2
-339.0 	1593 	1 	0.2
-457.0 	1594 	0 	0.2
-304.0 	1595 	1 	0.2
-484.5 	1596 	0 	0.2
-439.5 	1597 	0 	0.2
-306.0 	1598 	1 	0.2
-270.0 	1599 	1 	0.2
-396.00000000000006 	1600 	0 	0.2
-257.0 	1601 	1 	0.2
-380.0 	1602 	1 	0.2
-331.5 	1603 	0 	0.2
-379.0 	1604 	1 	0.2
-278.0 	1605 	1 	0.2
-503.2500000000044 	1606 	0 	0.2
-446.5 	1607 	1 	0.2
-208.0 	1608 	1 	0.2
-108.0 	1609 	1 	0.2
-387.5 	1610 	1 	0.2
-343.0 	1611 	1 	0.2
-214.5 	1612 	1 	0.2
-431.5 	1613 	0 	0.2
-297.5 	1614 	1 	0.2
-402.5 	1615 	0 	0.2
-340.0 	1616 	1 	0.2
-350.5 	1617 	1 	0.2
-675.0 	1618 	0 	0.2
-240.5 	1619 	1 	0.2
-394.0 	1620 	1 	0.2
-411.5 	1621 	1 	0.2
-478.0 	1622 	0 	0.2
-478.0 	1623 	1 	0.2
-424.5 	1624 	0 	0.2
-516.0 	1625 	1 	0.2
-455.5 	1626 	1 	0.2
-428.0 	1627 	0 	0.2
-361.0 	1628 	0 	0.2
-342.1 	1629 	1 	0.2
-293.5 	1630 	1 	0.2
-405.5 	1631 	1 	0.2
-347.0 	1632 	1 	0.2
-447.5 	1633 	0 	0.2
-436.0 	1634 	1 	0.2
-467.0 	1635 	1 	0.2
-478.5 	1636 	1 	0.2
-168.0 	1637 	1 	0.2
-675.0 	1638 	1 	0.2
-421.3000000000001 	1639 	1 	0.2
-474.5 	1640 	1 	0.2
-303.0 	1641 	1 	0.2
-461.5 	1642 	1 	0.2
-54.5 	1643 	1 	0.2
-340.5 	1644 	1 	0.2
-135.0 	1645 	1 	0.2
-368.5 	1646 	1 	0.2
-431.5 	1647 	1 	0.2
-423.0 	1648 	0 	0.2
-487.5 	1649 	1 	0.2
-526.625 	1650 	0 	0.2
-459.62500000000006 	1651 	0 	0.2
-373.5 	1652 	1 	0.2
-373.0 	1653 	0 	0.2
-515.5 	1654 	0 	0.2
-552.0 	1655 	0 	0.2
-154.5 	1656 	1 	0.2
-451.0 	1657 	0 	0.2
-481.5 	1658 	0 	0.2
-389.5 	1659 	1 	0.2
-448.0 	1660 	1 	0.2
-293.0 	1661 	1 	0.2
-261.0 	1662 	1 	0.2
-128.0 	1663 	1 	0.2
-352.0 	1664 	1 	0.2
-514.0000000000003 	1665 	0 	0.2
-394.0 	1666 	1 	0.2
-442.0 	1667 	1 	0.2
-352.0 	1668 	1 	0.2
-201.0 	1669 	1 	0.2
-355.5 	1670 	1 	0.2
-356.5 	1671 	0 	0.2
-393.24999999999864 	1672 	0 	0.2
-420.0 	1673 	0 	0.2
-189.0 	1674 	1 	0.2
-299.0 	1675 	1 	0.2
-486.2500000000001 	1676 	0 	0.2
-458.0 	1677 	1 	0.2
-399.5 	1678 	1 	0.2
-359.0 	1679 	1 	0.2
-351.0 	1680 	1 	0.2
-664.5000000000002 	1681 	0 	0.2
-682.0 	1682 	0 	0.2
-475.0 	1683 	0 	0.2
-182.0 	1684 	1 	0.2
-449.5 	1685 	0 	0.2
-303.5 	1686 	1 	0.2
-167.5 	1687 	1 	0.2
-448.0 	1688 	1 	0.2
-517.5 	1689 	0 	0.2
-325.5 	1690 	1 	0.2
-277.5 	1691 	1 	0.2
-599.0 	1692 	0 	0.2
-417.0 	1693 	1 	0.2
-285.0 	1694 	1 	0.2
-308.0 	1695 	1 	0.2
-364.5 	1696 	1 	0.2
-305.0 	1697 	1 	0.2
-174.5 	1698 	1 	0.2
-364.0 	1699 	1 	0.2
-332.0 	1700 	1 	0.2
-287.5 	1701 	1 	0.2
-438.0 	1702 	1 	0.2
-272.5 	1703 	1 	0.2
-489.0 	1704 	0 	0.2
-563.0 	1705 	0 	0.2
-481.5 	1706 	0 	0.2
-360.0 	1707 	0 	0.2
-417.5 	1708 	0 	0.2
-459.5 	1709 	0 	0.2
-564.0 	1710 	1 	0.2
-449.5 	1711 	0 	0.2
-473.5 	1712 	0 	0.2
-331.0 	1713 	1 	0.2
-293.5 	1714 	1 	0.2
-88.0 	1715 	1 	0.2
-55.0 	1716 	1 	0.2
-584.5 	1717 	0 	0.2
-309.0 	1718 	1 	0.2
-416.5 	1719 	1 	0.2
-453.0 	1720 	1 	0.2
-199.3000000000002 	1721 	1 	0.2
-199.5 	1722 	1 	0.2
-335.5 	1723 	1 	0.2
-455.0 	1724 	1 	0.2
-508.0 	1725 	0 	0.2
-374.5 	1726 	1 	0.2
-398.5 	1727 	0 	0.2
-486.0 	1728 	1 	0.2
-352.5 	1729 	1 	0.2
-458.5 	1730 	1 	0.2
-178.0 	1731 	1 	0.2
-429.5 	1732 	0 	0.2
-347.5 	1733 	1 	0.2
-291.5 	1734 	1 	0.2
-384.0 	1735 	1 	0.2
-451.0 	1736 	1 	0.2
-276.0 	1737 	0 	0.2
-203.5 	1738 	1 	0.2
-178.5 	1739 	1 	0.2
-303.5 	1740 	1 	0.2
-206.5 	1741 	1 	0.2
-171.0 	1742 	1 	0.2
-437.5 	1743 	0 	0.2
-284.9999999999997 	1744 	0 	0.2
-166.5 	1745 	1 	0.2
-342.5 	1746 	1 	0.2
-533.0 	1747 	0 	0.2
-488.5 	1748 	0 	0.2
-362.5 	1749 	0 	0.2
-442.0 	1750 	0 	0.2
-310.0 	1751 	0 	0.2
-452.0 	1752 	0 	0.2
-429.6000000000001 	1753 	0 	0.2
-382.0 	1754 	1 	0.2
-189.5 	1755 	1 	0.2
-434.0 	1756 	1 	0.2
-505.5 	1757 	1 	0.2
-159.0 	1758 	1 	0.2
-232.5 	1759 	1 	0.2
-425.0 	1760 	0 	0.2
-437.5 	1761 	1 	0.2
-391.0 	1762 	1 	0.2
-404.5 	1763 	0 	0.2
-483.5 	1764 	0 	0.2
-409.5 	1765 	0 	0.2
-235.0 	1766 	1 	0.2
-270.5 	1767 	1 	0.2
-172.5 	1768 	1 	0.2
-184.0 	1769 	1 	0.2
-356.50000000000017 	1770 	0 	0.2
-417.5 	1771 	1 	0.2
-368.50000000000017 	1772 	0 	0.2
-512.0 	1773 	0 	0.2
-415.5 	1774 	1 	0.2
-116.0 	1775 	1 	0.2
-498.5 	1776 	0 	0.2
-468.0 	1777 	1 	0.2
-361.0 	1778 	1 	0.2
-491.0 	1779 	0 	0.2
-378.5 	1780 	1 	0.2
-546.7812500000001 	1781 	0 	0.2
-445.5 	1782 	0 	0.2
-490.0 	1783 	0 	0.2
-440.0 	1784 	0 	0.2
-73.5 	1785 	1 	0.2
-401.5 	1786 	1 	0.2
-351.5 	1787 	0 	0.2
-348.5 	1788 	1 	0.2
-230.0 	1789 	1 	0.2
-401.5 	1790 	0 	0.2
-392.5 	1791 	1 	0.2
-507.5 	1792 	0 	0.2
-220.5 	1793 	1 	0.2
-516.0 	1794 	1 	0.2
-263.5 	1795 	1 	0.2
-421.5 	1796 	1 	0.2
-345.0 	1797 	0 	0.2
-282.0 	1798 	1 	0.2
-323.0 	1799 	1 	0.2
-421.0 	1800 	0 	0.2
-508.0 	1801 	0 	0.2
-466.5 	1802 	1 	0.2
-551.0 	1803 	0 	0.2
-327.5 	1804 	1 	0.2
-464.0 	1805 	0 	0.2
-294.0 	1806 	1 	0.2
-444.0 	1807 	0 	0.2
-218.0 	1808 	1 	0.2
-472.5 	1809 	0 	0.2
-341.0 	1810 	1 	0.2
-418.0 	1811 	0 	0.2
-150.0 	1812 	1 	0.2
-619.5 	1813 	1 	0.2
-371.5 	1814 	1 	0.2
-464.0 	1815 	0 	0.2
-420.6000000000001 	1816 	1 	0.2
-411.5 	1817 	0 	0.2
-475.5 	1818 	1 	0.2
-420.0 	1819 	0 	0.2
-150.0 	1820 	1 	0.2
-234.5 	1821 	1 	0.2
-557.0 	1822 	1 	0.2
-640.5 	1823 	0 	0.2
-248.0 	1824 	1 	0.2
-387.0 	1825 	0 	0.2
-324.0 	1826 	1 	0.2
-371.5 	1827 	1 	0.2
-406.5 	1828 	0 	0.2
-292.5 	1829 	1 	0.2
-323.0 	1830 	0 	0.2
-389.5 	1831 	0 	0.2
-462.0 	1832 	1 	0.2
-521.0 	1833 	1 	0.2
-238.0 	1834 	1 	0.2
-386.5 	1835 	1 	0.2
-352.0 	1836 	1 	0.2
-375.5 	1837 	0 	0.2
-298.0 	1838 	1 	0.2
-102.0 	1839 	1 	0.2
-472.5 	1840 	0 	0.2
-362.5 	1841 	1 	0.2
-419.5 	1842 	1 	0.2
-452.0 	1843 	1 	0.2
-244.0 	1844 	1 	0.2
-425.5 	1845 	1 	0.2
-185.5 	1846 	1 	0.2
-266.5 	1847 	1 	0.2
-195.5 	1848 	1 	0.2
-494.24999999999994 	1849 	0 	0.2
-399.5 	1850 	1 	0.2
-416.5 	1851 	1 	0.2
-400.0 	1852 	0 	0.2
-383.0 	1853 	0 	0.2
-203.5 	1854 	1 	0.2
-217.5 	1855 	1 	0.2
-419.0 	1856 	1 	0.2
-445.5 	1857 	0 	0.2
-495.5 	1858 	1 	0.2
-477.5 	1859 	0 	0.2
-420.00000000000006 	1860 	0 	0.2
-456.0 	1861 	1 	0.2
-398.0 	1862 	1 	0.2
-476.0 	1863 	0 	0.2
-360.5 	1864 	1 	0.2
-454.5 	1865 	0 	0.2
-445.5 	1866 	0 	0.2
-367.0 	1867 	1 	0.2
-324.0 	1868 	1 	0.2
-442.0 	1869 	1 	0.2
-475.5 	1870 	1 	0.2
-151.5 	1871 	1 	0.2
-387.0 	1872 	0 	0.2
-351.5 	1873 	0 	0.2
-489.0 	1874 	0 	0.2
-450.25000000000114 	1875 	0 	0.2
-229.0 	1876 	1 	0.2
-313.0 	1877 	1 	0.2
-354.0 	1878 	0 	0.2
-253.0 	1879 	1 	0.2
-407.0 	1880 	1 	0.2
-332.0 	1881 	1 	0.2
-262.0 	1882 	1 	0.2
-431.5 	1883 	1 	0.2
-467.5 	1884 	0 	0.2
-357.0 	1885 	0 	0.2
-153.0 	1886 	1 	0.2
-321.5 	1887 	1 	0.2
-118.0 	1888 	1 	0.2
-328.5 	1889 	0 	0.2
-532.5 	1890 	1 	0.2
-234.0 	1891 	1 	0.2
-324.0 	1892 	0 	0.2
-354.0 	1893 	1 	0.2
-427.5 	1894 	1 	0.2
-360.0 	1895 	1 	0.2
-435.0 	1896 	1 	0.2
-334.0 	1897 	0 	0.2
-476.0 	1898 	0 	0.2
-469.5 	1899 	0 	0.2
-500.0 	1900 	0 	0.2
-542.0 	1901 	0 	0.2
-479.5 	1902 	0 	0.2
-317.0 	1903 	1 	0.2
-407.5 	1904 	1 	0.2
-434.5 	1905 	0 	0.2
-272.0 	1906 	1 	0.2
-308.5 	1907 	1 	0.2
-442.50000000000017 	1908 	0 	0.2
-494.75000000000017 	1909 	0 	0.2
-643.0 	1910 	0 	0.2
-470.0 	1911 	0 	0.2
-367.0 	1912 	0 	0.2
-332.0 	1913 	0 	0.2
-64.5 	1914 	1 	0.2
-454.0 	1915 	0 	0.2
-223.0 	1916 	1 	0.2
-295.0 	1917 	1 	0.2
-437.0 	1918 	0 	0.2
-210.0 	1919 	1 	0.2
-435.9999999999988 	1920 	0 	0.2
-230.0 	1921 	1 	0.2
-356.0 	1922 	1 	0.2
-336.5 	1923 	0 	0.2
-197.0 	1924 	1 	0.2
-348.5 	1925 	1 	0.2
-362.0 	1926 	1 	0.2
-422.5 	1927 	1 	0.2
-425.0 	1928 	1 	0.2
-375.5 	1929 	1 	0.2
-423.0 	1930 	0 	0.2
-350.5 	1931 	1 	0.2
-159.0 	1932 	1 	0.2
-368.4 	1933 	1 	0.2
-262.0 	1934 	1 	0.2
-244.5 	1935 	1 	0.2
-174.5 	1936 	1 	0.2
-241.0 	1937 	1 	0.2
-535.0 	1938 	1 	0.2
-334.0 	1939 	1 	0.2
-421.5 	1940 	1 	0.2
-454.0 	1941 	0 	0.2
-285.5 	1942 	1 	0.2
-312.0 	1943 	1 	0.2
-621.0 	1944 	0 	0.2
-482.2499999999998 	1945 	0 	0.2
-479.5 	1946 	0 	0.2
-507.00000000000017 	1947 	0 	0.2
-157.5 	1948 	1 	0.2
-221.0 	1949 	1 	0.2
-460.5 	1950 	0 	0.2
-393.5 	1951 	1 	0.2
-543.0 	1952 	0 	0.2
-279.5 	1953 	1 	0.2
-373.5 	1954 	1 	0.2
-164.60000000000036 	1955 	1 	0.2
-612.0 	1956 	0 	0.2
-222.5 	1957 	1 	0.2
-370.5 	1958 	0 	0.2
-429.0 	1959 	1 	0.2
-423.9 	1960 	1 	0.2
-551.5 	1961 	0 	0.2
-528.5 	1962 	0 	0.2
-244.5 	1963 	1 	0.2
-458.0 	1964 	1 	0.2
-394.5 	1965 	1 	0.2
-520.5000000000002 	1966 	0 	0.2
-423.5 	1967 	1 	0.2
-311.5 	1968 	0 	0.2
-561.5 	1969 	0 	0.2
-380.0 	1970 	1 	0.2
-457.5000000000001 	1971 	0 	0.2
-292.5 	1972 	1 	0.2
-334.0 	1973 	1 	0.2
-437.25000000000017 	1974 	0 	0.2
-276.0 	1975 	1 	0.2
-474.00000000000006 	1976 	1 	0.2
-281.0 	1977 	1 	0.2
-481.5 	1978 	1 	0.2
-400.5 	1979 	1 	0.2
-204.0 	1980 	1 	0.2
-315.5 	1981 	1 	0.2
-508.0 	1982 	1 	0.2
-428.5 	1983 	1 	0.2
-439.0 	1984 	1 	0.2
-237.0 	1985 	1 	0.2
-372.5 	1986 	0 	0.2
-221.0 	1987 	1 	0.2
-457.0000000000001 	1988 	0 	0.2
-451.5 	1989 	1 	0.2
-34.0 	1990 	1 	0.2
-411.5 	1991 	0 	0.2
-300.5 	1992 	1 	0.2
-524.5 	1993 	0 	0.2
-460.5 	1994 	0 	0.2
-216.5 	1995 	1 	0.2
-361.5 	1996 	0 	0.2
-400.0 	1997 	0 	0.2
-370.5 	1998 	1 	0.2
-334.5 	1999 	1 	0.2
