0.0
0.0
0.0
0.0
0.0
0.0
0.0
0.0
0.0
0.0
0.0
0.0
0.0
0.0
0.0
0.0
0.0
0.0
0.0
0.0
0.0
0.0
0.0
0.0
0.0
0.0
0.0
0.0
0.0
0.0
0.0
0.0
0.0
0.0
0.0
0.0
0.0
0.0
0.0
0.0
0.0
0.0
0.0
0.0
0.0
0.0
0.0
0.0
0.0
0.0
0.0
0.0
0.0
0.0
0.0
0.0
0.0
0.0
0.0
0.0
0.0
0.0
0.0
0.0
0.0
0.0
0.0
0.0
0.0
0.0
0.0
0.0
0.0
0.0
0.0
0.0
0.0
0.0
0.0
0.0
0.0
0.0
0.0
0.0
0.0
0.0
0.0
0.0
0.0
0.0
0.0
0.0
0.0
0.0
0.0
0.0
0.0
0.0
0.0
0.0
0.0
0.0
0.0
0.0
0.0
0.0
0.0
0.0
0.0
0.0
0.0
0.0
-2.5699865846360828
0.0
-0.5533268389857859
-2.7869774294078677
0.0
3.002549980516144
0.5828058310815337
-8.589163638016299
-1.9170000000000003
-4.738808531764166
-4.274342132391615
-0.1714286290844531
2.2530647339746013
29.31328280116652
0.0
0.0
0.0
0.0
0.0
0.0
0.0
0.0
0.0
0.0
0.0
0.0
0.0
0.0
-1.0
-0.07272285300000003
-0.15072201355285875
-1.892
-1.489811841095067
5.5762354232426
0.41985959659705174
-1.6800000000000002
-3.9168756507387927
-0.5770142729797865
4.979785738389132
-0.8806064915566307
-0.4310556567119319
23.76549746438316
-1.35
1.2000000000000002
0.0
0.06784377843523573
0.0
0.0
0.0
0.0
0.0
0.0
0.0
0.0
-1.4780293790974381
0.0
0.0
-1.5258449083534498
0.0
5.300139065725352
0.6737226467378212
0.19934823164766372
3.939968444249359
-0.6695486073160348
2.8554168817979715
3.218259356016219
3.856789469726351
1.8555136640026078
-4.238513972292554
16.944692247249428
0.0
0.0
0.0
0.0
0.0
0.0
0.0
0.0
0.0
0.0
0.0
0.0
0.0
0.0
-1.3868393951777631
4.052568989995748
0.09776869141796363
-0.03195298721663411
-1.6924471710384625
0.0
0.020954559689859736
5.028922799743681
-1.4780293790974381
1.547869384057619
-4.303648611833525
-3.140343248644454
0.2343552620221181
6.86406878659376
-2.5
0.0
0.0
0.0
0.0
0.0
0.0
-3.58
-3.04
-1.0
0.0
-1.6
-0.26954860731603475
0.0
-1.0581756295615556
1.5330447424706963
1.5036451150879688
1.6460701246928877
7.497406501257528
7.2483386123912705
34.675801692571106
-3.8000000000000003
8.960869238107872
1.7830136138748516
0.0
4.053904837038434
7.724879298924096
16.49543124849187
-0.9
-1.253083965819968
-0.6000000000000001
0.0
-1.0
0.0
0.0
-1.0
-0.5396480959915935
0.0
0.0
0.0
-1.6
0.0
0.6437803801110629
4.874128657682759
6.052064973793495
13.158470028874401
2.672409414391347
8.40597242173523
14.765376044637742
1.2395398486809759
3.961900121319691
0.25189896716336246
1.3851551583724593
3.967592729433172
0.0
20.36736764558328
2.7
0.0
0.0
0.0
0.7813938593307459
0.0
0.0
0.0
0.0
0.0
0.0
0.0
2.9496164721086924
3.658888583453992
6.874249382253043
4.5304116497083795
5.3977772287116075
8.581399024487606
4.266909739155815
2.5299818510295653
27.7366131367918
5.748058885736102
-4.29635546370491
4.328654591428541
6.247211619169639
-4.238029379097438
-1.3006550701458655
23.22569787578199
-0.18746909999999997
0.0
0.46844192649620703
0.0
0.0
0.0
0.0
-2.572
-1.6
0.0
-2.2
-2.6051730950793845
0.0
0.0
6.303002766141812
6.1439675790454595
3.3613386018715765
4.854629652853197
-1.3726466216146371
11.62396725484408
6.833622496238692
3.8316273782589027E-4
-0.6279251683359688
4.730404170690003E-4
2.5376163655532338
0.0
0.03182318381168679
10.539799611233397
-2.5
0.8485791957210643
-1.3261138177882175
0.0
0.0
1.3149760449251877
2.622880628998514
0.0
0.0
0.0
-1.0
0.0
0.4540070499801745
0.0
-2.9769459232891835
9.291517973451741
4.4667857497558865
3.1894480038622057
3.2674038741463773
11.071179909416664
28.14243448041839
-2.867195684557337
-0.1230603878923219
-2.100397483210842
-2.7807856892148277
0.0
0.38117637955989725
22.242901926056597
-0.8109999999999999
1.2505435385941592
2.306142544017082
0.0
-0.0370437536934395
0.0
0.0
-0.8109999999999999
0.0
0.0
0.0
0.0
0.0
0.0
14.82270941108637
3.222076525535786
11.151590949741113
5.631976674680516
9.037715879766058
12.544442101838888
39.900490528795004
7.120459881752494
5.187888393280613
0.0
0.0
0.0
1.2709432397144675
37.55038412815407
-1.1198842596805918
2.865954130603284
-1.6035090101904583
0.0
-1.0
0.0
0.0
0.4911495377584749
0.0
-0.6000000000000001
0.0
0.0
3.036041953900861
0.0
2.7537814460634813
2.5997309438252914
2.1772439182651553
4.871805922396508
3.7099476103530646
0.2582434612965989
46.37585314258873
0.0
6.66427031253048
-0.9395127709999236
0.31534851332120584
1.6737646297205568
0.7262803653073497
36.22737210854252
-2.3064
0.4022137918410871
-1.0
0.0
0.0
0.0
0.0
-2.8616480959915935
0.0
0.0
0.0
0.0
0.0
0.0
4.366077250177945
10.054592775663224
10.302105129056777
13.997545111847312
16.202524118561346
14.001609512330123
39.95810707964553
1.2002036644389165
0.26487000000000005
3.9832373025811796
2.129750204799613
1.728385472899791
8.745889665066773
31.394109743291697
0.34589644775775596
4.775002275551254
-0.9121925375577979
0.0
-1.0
0.0
0.6292998882066259
-0.6000000000000001
0.0
-2.2
0.0
2.0183354692810362
0.0
6.409002422001399
9.68490503994972
11.911320447361845
6.582275020252335
10.350180869634862
4.098549929086092
2.023457097757311
47.22267315572051
6.11257231372793
0.1599646750807242
5.005539754243067
4.264536386054198
-0.7947546962833194
-1.4979108169068787
51.63204028882206
-0.998021013952506
0.0
0.4022137918410871
0.14654467939549276
-2.2
4.24737385991888
5.122758743284532
0.0
0.4540070499801745
0.0
0.0
0.0
-1.553659119877367
3.5910441475915507
15.422731495769208
16.571819636549453
19.414172783322396
21.65913382003439
11.353623371600133
1.499137678317144
62.92456086197119
6.183529293887411
4.218966173952474
11.89708326837613
1.379084707783027
2.709557244181124
18.88867523035416
52.19814480493577
3.619375745988029
3.134544859077172
-1.2201400537856846
2.51454070018174
0.0
4.319828567863086
8.51090908768909
0.0
0.0
0.0
0.0
4.573115800686846
0.0
0.0
10.715618743651222
6.418302596393186
7.64582969785876
2.221946615496482
8.64948688167274
13.934298838647566
55.27267432619033
1.5174365636746279
12.06342994229659
0.08932380136970276
4.86233796891631
6.155780547433854
5.935303319826544
44.88425704156671
-0.770671148883
0.0
0.0
0.0
0.0
0.1554168817979715
0.0
-2.04
0.0
0.0
0.0
0.0
0.0
3.610293438348277
5.736932354631164
4.116645762111558
20.670882146247944
20.654765183125317
13.804803860728311
23.156914401526667
58.58070686331763
8.872481297689763
11.358799577415432
-0.2722156658498184
0.0
2.596034048042123
0.048776769511017205
58.90782238538271
3.223481147454007
-0.6000000000000001
-1.0
0.0
2.9037985331512233
9.319111488869053
10.158481982059588
0.0
0.0
0.0
0.0
0.0
0.0
5.769261956302482
8.732423717510363
8.566059556236567
20.323078372236594
19.720652822798062
6.427918479191971
4.13089990737939
63.028740213403495
8.953971031507162
0.4594095286454758
21.389549123518833
3.1487556517711295
3.1524084773784287
0.5328533092122263
44.26481702222214
0.0
-0.8792861310000002
0.0
0.0
4.24737385991888
0.0
0.0
0.0
-0.3536717509807783
0.0
0.0
-0.0027745399639332647
-0.33055809615353593
5.138885430410558
13.802708212129717
17.635804308173487
9.941474774289627
13.791161548044482
4.501791419411935
16.89333626522849
59.55542620164032
-5.462293289331246
6.152674672002444
3.5068262947655615
5.116117536585217
3.713504106142704
13.091905659306626
38.32874565088903
1.3168574410869618
0.0
9.530839049887986
1.7072777506716392
3.6743960460070246
2.7923230462191477
1.6914368844748051
0.0
0.0
0.0
0.0
0.0
-0.3567289223655544
3.2338444612933284
4.585518138570768
13.443521779093555
1.3594430690811832
7.582225456526539
20.344191054709242
20.577846844378627
55.91005242646386
-0.16644352061583412
11.48724357473693
2.7314409399531225
-0.9779472637125148
3.1422129970327424
15.942992146398105
36.1172510552992
0.824742396173388
4.5539674136732
0.0
4.4848152319077155
3.387558935507302
0.0
3.671682140932947
-1.161674072437542
0.0
-2.76619309049794
1.9220495615896784
0.0
0.0
0.0
6.485288875379353
8.541465178637756
11.079619312475893
20.14443901051368
9.79423922789995
5.353695693906196
48.347013657931434
1.9959407965088671
0.31228398093092213
-0.08708172105294665
7.018062615683434
12.336406618351308
1.9066957529308222
46.10504887238623
4.6519235608630884
4.464326939394705
5.222511425304143
4.8536590012925265
0.0
7.341880260133881
10.880835943481785
0.0
3.357090139532487
0.0
-0.6695486073160348
-0.02072476508663943
0.0
10.001916068939366
18.705692456799213
1.839423020746933
21.755051234676834
22.866070811833385
0.6203325138495424
3.1918477775626197
36.4383140184468
13.925461487359032
1.032983146324889
5.247123708890959
10.03792983064953
3.4720433964138637
-0.416165429644747
23.487864896991592
1.6358195834336224
-3.8152926183677955
-1.0634945545808518
0.0
1.6224687809643292
-2.7618623032758345
0.0
0.0
2.423450200466516
0.0
0.0
1.1475359656379216
2.204398480072183
6.947037437447886
3.503298593957378
13.176422427785074
15.552096299879931
17.57555313647001
18.120309259061344
6.536975812837701
38.40405474209731
6.960708834598269
7.550027082206142
0.2393125354192175
6.41756536130285
0.4437644249937529
15.993210522343919
25.53849608461703
-1.6
0.9482683636490654
-1.6
2.076151232284018
-3.945965628396778
-1.0
4.816310159866822
-2.04
-2.04
0.0
3.172799046251373
3.6771785996424864
0.0
5.3553664806267065
0.15100972914634836
21.38486028455461
-0.41156094995229564
2.9038645599095942
26.871122050975266
29.360580268238618
35.66227335195617
-3.9548287895331957
4.537580245634504
0.747977943941845
1.3598479778247339
17.73765101599697
10.630958371377705
23.905726265669024
-1.529741588620199
0.0
-1.8580707564626076
-3.189512770999924
5.768823806383873
1.185262639391144
9.3459543152765
-2.36913
0.0
-1.2860573230170722
0.0
0.0
0.0
7.58464366676308
11.463258712881949
8.024215830817528
17.069238606366802
11.221532153258734
12.074450838904994
10.347800531314707
42.55212918101492
0.8780990112783482
2.252521666907816
9.311121163558205
9.554652945643912
9.008580268299204
2.6625893836074015
27.374686783506462
0.0
1.2118760368188803
2.7326538906569615
1.5695906525065162
7.285234338580182
-0.1777662486658116
10.208205384909263
1.8637218105155817
0.6766658141212576
0.0
0.0
-1.1004066820305582
0.553155460681236
10.828407948676125
14.137482371990957
3.5108145680391534
18.817803261600087
29.391114572962334
-0.5358454136193831
-0.392122640493461
36.463764562804556
7.508788462583011
0.2524883605672835
16.75981789223254
24.793446819228606
4.40088984846275
-2.3079016997596185
25.840994974845227
-0.5168548731806407
1.1966371415252532
0.0
0.0
0.5987767620979565
6.064813638804997
5.034643109204912
0.0
0.0
-0.6000000000000001
0.0
1.6958902149319237
-0.12820890976713298
-0.17572276648965182
8.894733007237148
11.405550460274311
1.090429109178351
7.805740197208192
9.232667090773688
10.558508137532762
37.33076557441878
-1.9578542905592338
10.36429974684096
3.6966520426068272
8.432344645843797
3.654707565109576
2.9449535576807357
28.467312028282226
3.462743789875752
2.0872513450326475
2.0192481611412894
1.0803783760812247
5.330045819521706
4.990940129296442
10.757705286879435
0.0
-1.8604642939688625
0.0
0.0
0.0
0.6368929465044555
6.821925090341713
-2.29960329356365
5.613131561576391
-0.6422332309710594
3.2688593838525666
28.395762666984936
25.505648844961748
36.87081133311
2.6796922261561575
4.636565505801194
-1.0
1.185549049040466
31.847771559821286
13.022742916683253
27.429902822888824
-0.44245107350028534
-1.6
1.5371802481049075
-1.688823214140629
3.308636387885267
0.0
1.8551897137078068
-2.790138833466444
0.0
0.05285956786232138
1.6205355073827925
0.0
0.0
4.235314629646061
11.763953616977595
5.169135004517907
14.017629772094995
11.725129981237504
6.332111924165467
17.395762565759703
35.8674926386102
6.253158374250832
2.0778254159146323
15.45835742877579
10.108308840428785
6.843790730953858
1.147510590681133
19.110152667418213
-1.7502920829799304
4.843602811929857
3.929253090464208
-0.5404363967707977
3.846356432628729
0.0
11.333467017939464
1.8288958118438896
0.8273235857483902
2.4383671757630108
0.13942967129446704
0.0
1.3345834933796485
3.8947846076678054
18.33612909346001
-0.7319913456755018
16.875935892976337
26.331744943318228
3.8244806879010538
5.765700811219696
27.775003479007676
6.294953534775742
2.836359412463029
10.534235216616352
13.283263768494002
2.2751574317339953
0.6633119949386954
14.889797992189132
-0.9890591339723618
0.49401684435886134
2.3588407370499342
1.877429901418352
2.1736967885387477
2.478714665391253
9.065722913031019
0.0
0.0
0.0
-1.2107671120564985
-0.215529650413118
4.160333229934448
5.305489434166722
7.834681594342259
6.048296185244932
7.319869017047455
5.604118529763942
15.85989116243056
7.691758779837369
19.81416019865724
1.8208499644731757
6.418080095233334
-1.452936439775145
1.887591093680336
5.283292559082236
6.181924258522763
14.628460254948983
-0.6916561272731978
-1.3257081915658753
2.886606543433059
1.7114626484608901
0.14849891715691776
-1.4556049984471233
7.357776549161297
-1.6
4.307902722955898
-1.171299743937789
1.058595759822574
0.0
-2.884699165165082
3.2922843997515727
2.8557231186345557
10.160057418718065
1.8844361395608598
4.00401258187893
26.587489215766745
29.969260841214503
26.019580608980785
0.7601737696733393
-2.477054412834131
-0.6616074226771248
-1.2082594116383645
16.45829382544001
14.196959421133005
16.39694816405614
-0.383951214710728
0.0
-0.8175679691881244
0.4321390416368065
0.0
-1.41966191272138
0.9299521253420482
-2.211652472209112
0.0
-1.9134945651759983
-1.139086335659119
0.0
0.0
2.0037565253180003
4.455543885970945
4.851243904257675
8.906448568743002
8.490934293696021
2.6437781236412805
13.262314541713394
16.52137634415352
4.6921648809674075
0.4380866821960123
4.661597052990007
7.034557227441363
4.784760104315788
2.8649068688926067
8.51397207351124
-0.9951119999999999
-0.8996479002618556
1.8683438460028388
2.170797227308
0.7471485302227633
-0.2811288657008588
12.843903988793643
-0.9915303144094771
0.0
0.0
0.0
-0.6295203788546355
0.0
0.9306940485078793
11.795992435581244
6.598789478235634
18.099145400579257
18.660492704722493
8.67673826504028
7.702791542946363
16.937169718614186
9.090470656552018
4.770192718239529
14.150951206054488
18.74403110791588
2.4555935815687664
5.524132744503855
10.150480328750003
0.9309547427998214
6.509940514398694
5.262469565113405
8.795412337588854
13.501057237164728
10.6598763370458
16.97666817779513
-1.3854033705344984
-0.20283227182154273
-2.176108144942818
-2.1484906968315247
-3.8937449465782636
-0.29317723966435105
-0.16448946926123076
8.28796401572861
5.935214351409002
10.474970541823973
8.054910734847558
5.871953426097645
8.738286064436195
4.032793503108403
8.388732033816737
6.71878152221468
10.432709927007352
6.868948082778171
10.543363072542622
3.217621980164058
4.8749848609123365
4.420702449572595
6.280891825826488
5.009245372229443
4.505493860170937
4.261345481750106
6.405338849319836
12.73941525050034
-4.094500621410606
-2.2744925691854645
0.37416924267692453
-3.6939120766850766
-1.4955170828862832
-0.9112513838985868
3.1477338122456877
5.7410307188624
10.864430431232886
8.750200727944993
9.843706862700229
17.145497369736646
16.061249249949597
14.825222207159749
3.620114455892784
3.8699427799900072
7.631897352970051
7.431218092147732
15.619606788115965
14.532269232368172
5.119491517179082
4.550896596584099
3.835406189808656
10.43737187686469
5.0689214351151755
8.341222307316261
4.605444686212867
12.997156434745317
1.6726412783025528
1.2884973070640642
0.4725448994467151
0.7401530827539661
3.1491557129669
1.5161504167077209
5.134654509446044
7.554970801567116
7.272880392311379
6.637736422833436
8.748438023375911
3.3140777302774747
8.204690140223876
5.8334038963035795
3.763266151617201
6.151478533159131
4.409756542474992
8.164524525401154
9.845892013208804
8.167453646241972
1.5118635367820026
7.552453088980764
2.1781038597864955
6.0903919356867275
4.897901159843863
1.7976866844184347
1.9852713889484142
12.953893942379795
-2.2877976368395165
-1.3029314550158413
-6.950830954407578
1.4943140998423314
-2.592908534006808
1.585735554464509
-0.1928478613605107
0.0
0.0
0.0
0.0
0.0
0.0
0.0
0.0
0.0
0.0
0.0
0.0
0.0
0.0
0.0
0.0
0.0
0.0
0.0
0.0
0.0
0.0
0.0
0.0
0.0
0.0
0.0
0.0
0.0
0.0
0.0
0.0
0.0
0.0
0.0
0.0
0.0
0.0
0.0
0.0
0.0
0.0
0.0
0.0
0.0
0.0
0.0
0.0
0.0
0.0
0.0
0.0
0.0
0.0
0.0
0.0
0.0
0.0
0.0
0.0
0.0
0.0
0.0
0.0
0.0
0.0
0.0
0.0
0.0
0.0
0.0
0.0
0.0
0.0
0.0
0.0
0.0
0.0
0.0
0.0
0.0
0.0
0.0
0.0
0.0
0.0
0.0
0.0
0.0
0.0
0.0
0.0
0.0
0.0
0.0
0.0
0.0
0.0
0.0
0.0
0.0
0.0
0.0
0.0
0.0
0.0
0.0
0.0
0.0
0.0
0.0
0.0
0.0
0.0
-4.894370081129651
-5.019851549750844
0.0
0.0
3.2591410537654064
10.520354361587499
0.34062045187838874
8.605194328662746
11.841583979673553
-0.5472765458949101
0.08920477110639907
24.256156407897965
0.0
0.0
0.0
0.0
0.0
0.0
0.0
0.0
0.0
0.0
0.0
0.0
0.0
0.0
-0.4739802519534786
2.5066754078123745
-1.0
-1.7310480887734003
2.8070221159993123
1.2411538512841087
2.5146143753559818
-4.799913201658572
-7.166864212449966
-2.2029900000000002
3.5035513051848453
6.404481361464337
-1.556947943713038
3.4174862568386937
2.0907987438843345
-2.8000000000000003
0.0
0.0
0.0
0.0
0.0
-4.096875650738793
4.100894192556787
0.0
0.0
0.0
0.0
0.0
0.0
-1.186964300729486
-1.838019876714816
0.0
-2.9978216679607974
-2.356386368636487
2.348757878753522
-0.06471539927772829
-3.5051311066768
-0.58299
-0.6399999999999999
-0.8561959287775778
-0.8745564896223761
25.78143883579486
0.0
0.0
0.0
0.0
0.0
0.0
0.0
0.0
0.0
0.0
0.0
0.0
0.0
0.0
0.0
0.5160544379694754
0.4834610098805092
-1.0
-1.9632504743671717
2.8298399908826153
4.45801490684258
-2.4000000000000004
-0.632079756488301
0.0
2.263725657976135
0.0
8.201089978470687
4.917376493239347
0.0
-2.0
0.0
0.0
0.0
1.8867821319028721
0.0
0.33274406966017667
0.0
0.0
0.0
0.0
0.0
0.0
-1.3695705106015577
12.171165792302912
6.257818968684758
-2.0224768265373587
11.629812223264066
15.450707666963027
31.219405268799427
-0.7749850670015779
5.763130438372939
2.743511490889246
-3.0924970987204357
0.7661323469622215
4.434908457502525
15.630636286509109
-1.6
0.0
-1.0
0.0
0.0
0.0
0.0
-1.2515826302753617
0.0
0.0
0.0
0.0
0.0
0.0
13.17900207295261
2.0238032421991865
-2.0
11.029600852020065
10.981339917367904
0.0
11.902304329317815
8.056878492655848
1.4037950346890085
-0.5271021705982892
6.447009643837756
4.626029021110926
0.0
18.542094402230365
-4.4088654460716645
-1.0
0.0
0.4388210131795731
0.0
0.0
0.0
-2.3747097663189156
0.0
0.0
-0.08394539441155598
0.0
0.0
0.0
8.541328869019905
0.06582608773529763
4.4511724259608
5.161618312517918
1.8634528323155588
6.631214227918374
37.70476261233054
12.90848221882526
-4.81296872832541
2.7432416635226
1.6283221751773536
-1.074985067001578
-1.8882797454778473
27.487201548792864
0.0
-1.1427601032224735
0.0
0.0
0.0
0.0
0.0
1.9727133756154753
0.0
0.0
-1.6
0.0
0.0
0.0
-0.8300884314153334
1.6994836436642022
5.39701788938121
3.6940618921216317
5.1214198716565384
11.771280710333555
8.095456128108873
6.217451604992526
1.8046115597583376
0.4898048065435855
1.9336120105210162
1.0193866214797895
8.849770896821328
26.248902747127513
0.8397834703181768
-0.3196111300842789
-1.6
0.017010000000000004
-1.0
0.0
2.7031842555534222
-3.64
-1.5282797454778472
0.0
-1.6
0.0
0.6753776265454613
-0.4822903086806286
1.306192070506297
12.391145454512534
2.8746781340208014
9.732219735859001
8.764468596601104
22.125682969344417
43.007425642802055
0.44779189791424656
2.6131678528981896
0.5676900206282978
-1.6
2.9004385099580787
3.9967317385332946
35.63711761655826
2.215506208899538
-1.400901705509319
0.35066754078123746
0.0
0.0
-0.2778501145405709
5.267823087106831
0.0
-2.2
0.0
0.0
0.0
-0.5999409065518344
0.0
5.613428958585562
5.180700654748378
7.052650223238911
11.04769221311691
11.192462731041974
17.66135836591146
41.969875019364366
1.4975033776403226
-1.9
2.0862462248011413
0.5550496491913627
2.590212543055464
0.0
26.288458370142305
-2.2
-1.5
-0.9784856627684255
-1.0772037799132015
-1.5967806556294581
-0.6029868220068085
-1.7467477149476043
-0.6000000000000001
-1.6
0.0
0.0
0.0
0.035770493006021795
4.514328572500371
4.788669524322955
0.9023621099676866
4.1756326306762785
8.226494444835755
2.407947560705272
2.4812316604776323
49.344132134684784
-0.3501578258578253
6.536609864132737
-0.1518109721725306
11.156386255588238
2.6504667420723127
-2.207119193774346
29.497791454044002
-0.8160099999999999
-0.8299
2.8395350705238633
-1.668511
0.0
0.0
0.23904819146193945
-3.0141299999999998
0.0
0.0
-1.1848077660381122
0.0
0.0
0.0
6.744229345622882
8.820932257974638
22.04947811085135
11.112648047376101
10.213740842288548
14.384346445033708
55.47700051729908
0.0
3.415351538645308
0.0
11.884248983941077
0.0
0.05272345410508983
30.7736702260361
-1.5
-0.8549682548831721
-5.000983100520626
0.0
0.0
0.0
0.0
-0.13146770799826948
-2.4631897820198745
-1.5693260394962252
0.0
0.0
0.0
-1.6
7.504244410241441
9.513488802493352
19.459305092210794
15.267581777781341
13.361922005145514
7.388035459062017
65.35353485391792
1.2013778100000003
-0.6000000000000001
1.8440482567390748
9.401661526449566
2.5401792657050923
2.2944609740143718
36.980513371285724
0.0
-1.8
0.0
0.0
5.298434932938457
2.140509219854241
7.125128295237081
0.0
-0.32771620005092433
0.0
0.0
0.0
-1.402547432090025
0.0
12.189094359644702
9.762878896204217
7.819905666694023
16.421324119283284
22.94819493855821
22.995407105172536
55.44875366637544
4.1852095881030715
4.916168634187336
-0.9828062530802534
0.0
0.0
1.4931883408422193
50.51156003975108
-0.695605791840976
-0.3135205941126382
0.0
8.971222887610487
0.0
1.4150683825389925
0.0
-0.21465858960176887
-0.5864846080857964
0.0
0.0
0.0
0.0
5.42083393999285
8.83534222291801
4.47333796832119
8.567172852104008
5.186230953494587
8.809394433571457
5.743815562660545
46.509280322382565
-0.9
3.990297732057134
0.18900000000000003
-0.6901056568153581
9.087174048614031
4.03282104999814
51.40132911280382
1.1648609816939697
0.0
0.0
-0.7681132179149683
0.0
0.0
2.5765198009447974
-2.64
0.0
-0.6483415682417797
0.0
0.0
4.117420080372061
3.1906990125254775
5.717484761637563
16.614574218407377
9.869633371047732
16.64380031065153
16.895839239353364
8.405146003021969
56.819545469415125
0.0
2.3944608694091816
10.77799691630147
6.934947629495078
7.1761385581321795
1.9706739605037749
51.386901807326815
11.849679373144296
2.053931508967014
0.0
-0.58299
-2.9410000000000003
0.0
9.343114511798463
-1.6
1.9937730663710793
0.0
0.0
0.0
0.0
8.596721257469428
11.194821476212573
10.44700096764265
22.459682071240483
18.868380435187255
8.623511456347456
-1.585504985475731
60.21852249523535
7.986561038797325
2.0068085514038296
9.551168657042762
10.291698987711069
4.386099815579854
-0.9044628790119429
58.44331161499672
-0.7867148678272968
4.659186027959647
-1.0
0.0
1.1497116242060548
0.0
0.0
-1.0
4.363427250824879
0.0
0.0
0.0
-1.6
-1.3768951481996254
20.343113536452066
15.448027418594798
14.494412221668952
23.003853928883675
16.38451316610222
16.043632505904235
61.813053769472106
5.719141357196346
12.316901043517689
-1.4836096185270382
1.42968948146624
7.25498540203953
2.9103429661164237
34.75853369026744
-0.9
0.0
0.0
1.6107062693736234
-0.2158534159224569
0.0
26.92904299081018
0.0
0.0
0.0
3.723011444812599
0.0
0.0
2.324448171038943
9.387169635971768
14.693083301505728
3.1584200232804607
11.278314964066052
11.741449606639295
20.423339597481487
40.13454730402569
-0.9052729397332798
7.319362728353269
2.7916080697493215
2.6254524304229183
15.214439767046038
14.017529787021317
38.434352398340806
-2.416152134062
0.0
-3.428315179098915
0.19104163244162903
0.0
0.0
0.0
-2.64
-2.391
-2.2
-2.5803259148859374
0.0
0.0
0.0
9.121021129573307
11.126816558202263
6.943487402662882
26.425012513132394
8.88516894867871
11.964143731445425
50.472094869121875
9.9914556551473
2.876069208738501
13.855737035117278
6.9222078622601
2.161410104336058
6.938513292539928
48.22156721037308
0.0
2.947988504847375
-1.4688413235170594
1.129071930148943
0.0
0.0
4.08221136480903
-1.3311352143027526
0.42207763865688686
0.0
0.0
1.3295842287443178
0.0
7.897295165914111
22.13099119698089
1.5815323402900867
28.394530892026424
18.819183344990392
6.061050934077147
8.606887520251659
49.12107697626986
12.936584684485641
1.6046739516122823
10.294609129143856
14.637103748263682
2.061472699164992
1.4318129166473692
36.8383258788537
0.0
-1.1303954410118602
0.0
0.19110600000000003
-1.2028735093142582
-1.481539686120397
7.369620129310265
0.0
0.0
0.0
0.0
0.0
0.0
9.14033691435024
6.570076276840561
9.530530184535955
18.969674199787438
23.1191330407978
16.424772013793678
22.602177048522528
54.41231228047371
-2.431701773702051
1.1269241074789254
-1.3944222497631398
3.076345004347898
6.124973834399219
5.76598325208108
38.98779301807606
2.2705382050756437
-0.6000000000000001
0.8240245977016243
0.676529205661428
5.1545417858446845
0.0
-1.0
-1.165284631371965
0.0
2.374548897024704
2.517081550911436
3.1436803533773117
0.4739422162541602
2.3783254555508515
0.21373566930044907
19.893933813850737
5.610087391416565
7.970116082141359
29.549475326163694
31.38379124595206
45.33805040678571
1.6770052044029984
-0.7674263205972613
-2.5637185165146374
-0.037151117900656505
6.590566216812897
9.326480742909428
25.32103133013539
-0.9
0.0
0.0
2.4617556201497632
-1.2064379036173623
0.0
4.071979738758171
-1.7330329257662975
0.0
1.313616172787238
-5.246159307487899
0.4060974954154364
-1.493384431723252
0.0
9.980306358788777
12.271532719579266
7.659396419285299
20.361961473477393
11.499948198002963
17.5596764228724
36.9146946331408
1.453986697682546
-0.30767241071269436
2.991993115821721
8.233868591478991
11.398032352349885
6.589429441142315
20.907867044513242
0.0
-0.6731389395402835
2.0719825368983202
0.0
0.9402777840246275
5.535784843201148
6.0618242637679565
1.6178964789770438
2.4216882307224217
-0.21611728642359546
0.0
0.0
4.982776854084618
12.401448957790508
17.186841639381306
1.8829772614857494
19.288847073426428
32.93126408218041
2.464270783640629
6.66795714902838
50.02663848404941
7.914227986033415
1.6653094505436141
24.721576912087666
21.44896583000489
2.0457804512252555
2.261355186680233
36.5119731301066
0.0
-0.48846616357624734
0.0
4.836068968468451
0.0
5.581533906760878
2.5462300275968364
0.0
0.0
0.0
0.0
0.0
0.0
5.728864187898985
8.167365301269047
16.494700281199385
13.846334957666627
22.362742496264367
15.679210273175649
19.593245826181917
44.14948004886028
2.192001445968128
1.326133971323395
1.0872619765118763
4.446058201783538
2.38852183939123
9.07175685678429
32.998236442789725
-0.7266491926193572
0.0
0.5859484920000001
6.875740742422625
0.39695890203873696
8.184530315082318
2.6181931626838284
0.0
0.0
0.0
1.1805731085087021
0.26268801082022986
3.778624991744613
1.849971369078142
1.59470316156209
1.6578177676450032
3.5191931560460796
3.026801588641986
30.624306096334358
17.814839561003446
23.035680024538596
0.5458812079112358
7.86699717469415
1.23895181766636
1.7745421097147402
17.717481528847486
11.095044314550396
18.123362385680224
2.8774285916429636
0.0
3.2055702407186444
-4.124036137657198
-1.1730972836172138
6.668978842339546
2.938550148629803
-1.6583737915471555
-1.493384431723252
-2.844224549092872
5.024777563122705
0.0
-0.9820000000000001
0.2
7.32469681404643
6.60558571199631
4.750321660879805
16.929521765033847
13.437109346682098
11.111821258226799
24.384499502671826
4.976016976883296
5.490854870714622
5.155086911635413
4.4902889935399415
7.592472017812383
2.1953918975254556
16.177979352720236
1.8768650399006295
4.217885827363051
3.452091127834482
0.08086933925390732
0.12667564979795182
2.86516866754928
6.010316802365933
-2.105770867737873
-1.0272287489557728
-3.1
2.414387486925142
-1.338246059863466
1.2318218938020196
3.302833478908367
6.149888903539722
6.6221885416250945
27.37471960080927
28.71202396419197
5.657719245806884
3.083244545979567
31.647637702668167
8.55958323049782
-0.48031454631743253
12.06293709454186
19.32781450287457
-0.8735493247408654
-0.2073515084719264
18.740846903897005
0.0
0.9706846343361439
0.43592306791643715
0.0
2.39514329191256
0.0
3.424362428808175
0.0
0.0
0.0
0.0
0.0
0.21444691064260613
1.355694983295014
10.266706985142308
4.564679455588712
11.117609344267693
16.5630043904897
16.375151116400705
14.949693329784095
29.396874637276007
3.314543578222754
1.6926995897100128
5.0141429088314595
0.5426226878469946
6.358278775096098
7.001234456651997
22.753109165046595
-2.2035247068503763
3.6224427364979803
1.1519010598735175
0.439608251868966
8.837559225985661
1.8351721461216401
11.314705492776742
-1.1891500516636295
0.0
0.0
-1.3363902930408118
0.8530025235258031
0.0
1.631727260539011
1.2386991577931263
13.196516800735596
7.338597732659329
1.8012857977277963
31.893565419233784
19.48051347305093
29.265258243234477
-0.716377293489298
7.6354447687351765
1.1059274364716791
2.2571836057775427
21.48384582601159
11.696503406073685
22.173343370454024
-1.4418739945929369
0.0
-2.4620723774195876
0.8575479667470404
-0.14249127104148548
-0.2144637844298872
5.381536819985782
-2.04
1.950012221313706
-5.247446599868186
-1.8370495553942248
-0.07014265974935495
-1.0846525608489652
2.2458153577003346
3.4367774691153574
3.253595772239932
12.8757258208081
9.93490466025856
5.091156558668147
15.562708752683587
10.378874645192791
0.8045234219675435
-2.825235360901707
0.2543023203135971
6.339983566789618
0.4713070369261536
-1.9341712759397638
13.740969050443516
0.16321846370193394
0.9371002315926349
-0.8292220888441822
2.980178387063196
3.5102901423530812
0.5720944284014216
4.8833333043923455
0.0
-2.098946713724539
0.0
-1.859530100381906
-3.0170119777098496
-2.08245981396062
0.359025503371587
16.081877220892643
11.487115970108459
17.50761425639091
18.815350721517532
9.15377239741741
11.020664141182365
17.688855921913387
8.896817795097231
2.2773474503957996
20.72056467027982
20.242677866473077
9.06501947746814
0.7855416478306854
13.04164759730325
3.0660736567837614
9.924563191734576
11.599665999742871
5.800859169745563
13.375259630121963
8.461631247556216
12.303424862256673
-0.817171944893594
-2.5941993180020004
3.033269420462813
-4.120230592283037
-5.283468922236818
2.0186279212334433
0.7790218668369132
7.31966984468563
8.416788645113852
10.603404229499104
9.005082134380988
8.281646586331869
10.153548123258302
13.873211380920281
4.683369397019423
3.9119855398260617
7.584601495852633
6.02837537452755
4.253918557869331
6.7888351936602875
4.367525761908158
4.42542214064875
2.1962223972988726
3.7489532725435577
6.357610365572476
7.326949225957458
5.870789934102211
11.869064548308323
-3.3441294314465058
-2.80214631018132
-2.8857976774764285
-2.5730268122647484
-2.3748911688728316
1.0749999511836288
2.1552473936034167
7.494407875931576
14.293157534356213
6.534074698842892
4.935439579885546
14.572052945857568
12.573604579822018
16.1445080074121
6.89862401285298
15.603650221827447
6.214401349581306
8.02278377653109
12.878603299881714
14.337313539262476
10.463258720328552
8.394927659481187
6.867782761127913
7.3181673277374495
8.721805603328821
5.227096129693697
10.449407467738993
10.343301052651688
-2.999399514701313
-5.134879090194216
-3.1259850873805846
2.5403934946893667
2.8471418940972546
-2.7556397074384362
2.539875297164965
7.533377079199848
7.5450802708596045
11.568741197666583
10.982278087806531
5.791654780217291
11.81063504850579
11.190951470978328
3.4979382491811832
4.00880105249267
4.833473726723305
12.24349266692943
8.986941562201503
4.995852828219587
7.088145830722657
3.4204359250905885
3.952837809433336
5.74127139027669
7.0685720432969
8.150232803834955
2.534983089245997
7.187012039922639
-2.323557103072361
-0.986942593984712
-2.3800399425532657
2.334070747572219
3.0859063726478833
-2.7454489711569168
4.164741572197346
0.0
0.0
0.0
0.0
0.0
0.0
0.0
0.0
0.0
0.0
0.0
0.0
0.0
0.0
0.0
0.0
0.0
0.0
0.0
0.0
0.0
0.0
0.0
0.0
0.0
0.0
0.0
0.0
0.0
0.0
0.0
0.0
0.0
0.0
0.0
0.0
0.0
0.0
0.0
0.0
0.0
0.0
0.0
0.0
0.0
0.0
0.0
0.0
0.0
0.0
0.0
0.0
0.0
0.0
0.0
0.0
0.0
0.0
0.0
0.0
0.0
0.0
0.0
0.0
0.0
0.0
0.0
0.0
0.0
0.0
0.0
0.0
0.0
0.0
0.0
0.0
0.0
0.0
0.0
0.0
0.0
0.0
0.0
0.0
0.0
0.0
0.0
0.0
0.0
0.0
0.0
0.0
0.0
0.0
0.0
0.0
0.0
0.0
0.0
0.0
0.0
0.0
0.0
0.0
0.0
0.0
0.0
0.0
0.0
0.0
0.0
0.0
-2.7205444007687722
1.3071917519529626
-1.317468494745034
-4.491169328664111
0.009720000000000005
0.0
0.6138660245270089
-8.520021259002943
4.013304388411059
3.9872840051380365E-4
-2.0066613679593797
3.6433790575228273
5.3614611694996235
9.410436550658995
0.0
0.0
0.0
-2.998914689708132
0.0
0.0
0.0
0.0
0.0
1.9861106090870704
0.0
0.0
0.0
0.0
0.0
-0.5387121595250592
-1.6717257844945252
0.5642248416648693
-1.6165771390664132
0.0
-0.2335781303388546
-2.002875650738792
2.9384908634359426
-0.5323072424144177
0.022664405880000002
3.0072565390188424
-2.3707108614948416
-0.9570123644696973
0.0
0.0
0.0
0.0
0.0
0.0
0.0
-2.8000000000000003
0.0
0.0
-2.8000000000000003
0.0
0.0
0.0
0.0
0.0
1.1203453917183623
0.0
-6.3710795228705415
-1.3909576179749281
0.0
8.072846232808768
0.2814208241780155
5.643665963338275
0.0
-2.704790360806534
-2.0646588626089963
7.8474636637915705
0.0
-2.4000000000000004
0.0
0.0
0.0
0.0
0.0
0.0
-2.4000000000000004
0.0
0.0
0.0
0.0
0.0
0.15530840523483325
3.8031823475059663
2.210071949398316
5.504185130635866
0.33173242984878054
0.0
1.3678252165133162
-0.22038507820212727
-3.706255204066819
-0.97813
2.763191134402689
-1.6
0.0
3.245530408598932
0.0
0.0
0.0
0.0
0.0
0.0
0.0
0.0
0.0
0.0
0.0
0.0
0.0
0.0
-7.4368680303897445
4.485636784726887
-0.08523285861389258
-1.0683778818425023
11.742780851983145
-0.9875844219362236
5.170860452494939
-4.693258122122797
-0.1534566362755161
0.0
-1.0475605604538178
2.8337304239297403
9.637393265611417
6.2126136925251565
-3.3
0.0
0.0
0.0
0.0
0.0
0.0
0.0
0.0
0.0
0.0
0.0
-1.0475605604538178
0.0
2.9903582026022173
-0.7733559412
5.217242884599973
8.860380461337005
1.9666405051190121
1.021354784765995
16.505724877371463
-3.3542
1.393519374832496
-0.425010044559075
0.305610312641335
4.539006847602936
-1.0
13.054198537825567
-1.006892710769276
-1.5751225388014622
0.0
0.6045487398358754
-1.0
-0.26865665722955323
0.0
0.0
-1.6
0.0
0.0
-0.47458325626507536
0.2764162355393098
-1.0
2.9390826397650334
0.10161467179527922
0.0
3.482441151708647
-1.4312746179749278
3.326284443140957
17.725648947053703
19.87349932452728
0.42655616095278914
0.26000000000000023
5.642935611995421
1.0265561609527891
-3.0
19.694440336898634
-1.829346911488304
0.0
0.0
0.0
0.0
0.0
0.0
-2.017201082095414
0.0
-1.6
0.0
0.0
0.0
0.0
20.548116219869904
5.981443114734294
0.5
0.6236698495100101
10.1870383519199
5.3225468678605266
12.954496326381703
3.023460514044159
5.658243955467315
11.726208762382292
0.0
-0.2742222557856615
2.670821909059491
11.941588167233844
-0.8613
0.0
0.0
0.0
0.0
0.0
0.0
0.0
0.0
0.0
0.0
0.0
0.0
0.7385279277098814
-0.2182533834417566
1.0775761691847032
0.18253150525496614
-5.453680439821623
4.095227057885103
4.1384395764937105
13.031395335128465
-1.1278604296672476
-1.4110020594237767
4.708062712352762
-2.2871377858820297
-1.6
6.856186148613961
11.349480637166243
0.0
0.0
0.2813805261398709
0.0
0.0
0.0
0.0
-3.0
-1.7747097663189155
0.0
0.0
0.0
0.0
-1.0
14.633186508137637
7.744244063472293
3.1111496168133863
11.12926853023047
6.995038285661482
-0.8574624241441775
42.58440514340316
0.0
0.0
5.815566672392259
0.0
1.1594422639603745
3.0796518508410258
28.10127521868635
0.0
0.0
0.0
0.0
0.0
0.0
0.0
-2.017512760803
0.0
-1.6
0.0
0.0
-1.6
0.9046457709528636
19.054707128311932
1.6213682800467333
10.858312556659193
10.893688332491557
10.006134146631847
-0.05344383904721095
35.12903925937921
5.577606796319985
1.025287324533967
0.0
5.115167299053099
2.2159325371436336
-1.2000000000000002
31.820161368508863
-0.6000000000000001
0.0
0.0
3.33502702555446
0.0
0.0
0.13600962515632717
0.0
0.0
0.0
-2.2
0.0
0.0
-1.0
20.142047590648126
20.30572994750967
20.017962203798035
8.320149040177858
11.69837538384588
22.066000693269405
30.993314301469272
5.740697871570865
4.527515695275871
14.529648606557434
0.0
1.0326660822363436
2.080411364120976
14.880233314598504
-3.736
-2.4031566003822817
0.20948119969853468
1.89830662928021
0.0
-1.8811466920271318
-1.6813000000000002
-1.6
0.0
-0.3496892710769276
0.0
0.0
0.0
0.0
3.6859158872086724
10.05867372997352
8.757842212803087
10.17445925763041
14.343174959555078
8.379201641753465
53.73204707939107
4.4343896747577345
0.0
-0.11106089877713643
0.0
1.1147239158076232
0.16719845414027595
40.666499469761185
0.0
0.03621768829368033
0.0
0.0
0.0
0.0
-1.6
0.0
1.4481773231020125
0.0
0.0
0.0
0.0
0.0
10.348478192452113
8.529466356391143
14.799165997416447
16.78630498046037
27.607435269216065
11.110837637630008
62.09957924302866
0.9046457709528636
0.9055107667262396
5.421576684088304
3.008809448987686
0.0
7.133260263100163
44.97957053223891
9.58703574095328
6.469908403011766
2.511149616813386
0.0
4.719077916513844
1.0118569310774448
6.374590364022106
-0.9570000000000001
0.0
0.892570746785429
-1.5010000000000001
0.0
0.0
6.193533704934824
12.921983489638885
11.09338599544203
4.167226251461319
14.868640107162317
6.951697451348969
9.577672042311942
70.53494890944201
-0.6000000000000001
14.57775241056034
1.4437835902435223
1.2812390459172556
10.593879469801493
4.248734893406803
47.68441216586033
-0.8078009715844423
0.0
-0.6796835262865953
3.682490379098384
0.0
0.0
1.801534042511515
0.0
0.0
0.0
0.0
0.0
-1.0
0.0
19.40717167529569
17.3842583834033
14.028501615374575
23.50621758069273
11.221035647789957
4.694022803359202
57.07856455791702
2.817359542315728
0.0
3.789262580496243
0.30804937635157936
5.790193905754769
7.150275292219939
39.28964110034491
0.0
4.008105155395868
3.437606209916841
0.0
2.2425475224938016
0.0
2.9397338527712122
-0.411
0.0
0.0
-1.6
0.0
1.7345454344958242
2.641174020257399
16.899809961457002
8.40837080480689
11.905367707552466
16.023618106067964
3.848716132771993
9.943243166890756
73.06883523870844
4.980809286090404
0.1727617739760252
11.415015942948672
4.465590384953837
1.5590776857705364
2.1694226337823617
58.49709629036364
0.0
0.13795086737529455
-1.2526501962435663
0.0
-1.5510055477860683
-1.6
0.0
3.000648540324217
1.4505781365651207
0.0
0.0
0.06119843140766754
0.0
7.211049469043687
20.44151109926154
15.165020949598143
25.380457658829517
20.503440776336124
11.389316546367425
18.811021943465622
78.90561141072234
11.005305811179536
6.877994058619114
8.903556566903125
3.7461640259256592
11.219278598669895
12.93934384182755
71.03736536695038
-0.9
2.3380175664933542
-0.17516076156657379
6.569533191581389
0.0
2.336073898687836
17.592318621245724
0.0
0.0
0.0
0.0
0.0
0.0
5.366560462443161
6.903395459940622
17.685566777147002
6.209796352796049
6.816152129671224
12.265664349537591
18.577708435354182
58.90755353217716
1.0409910524623978
18.358682056796653
2.5275924250783666
0.5626933592651069
12.79336699139797
14.108372320882687
50.06801724899488
-2.2430219219122116
-0.901
-1.0
3.0687800276814197
0.0
-0.901
3.007349356315939
-1.0
0.0
0.0
4.303867868929087
0.0
0.0
1.2499655668316194
13.488799665662281
16.838351571463434
9.221670282622942
21.48724321894157
12.334559626129536
23.074383701321338
67.95057724878966
4.5563057345403575
8.410175931060737
1.7129392366611036
12.161611539368451
7.395484339923419
2.367649905427694
61.777116109941474
-0.2633339177636562
0.24962189978517133
0.0
16.32833330796864
1.4421849576104133
-1.0
15.469015164544782
-2.8360000000000003
-0.5524502743791354
-0.9875844219362236
0.2412539356529153
0.4240380362045977
0.0
6.544311552523403
18.45334493965522
4.689239490843401
26.520832924160054
15.18498820607548
7.488727735247842
3.427981671329702
49.44960659983075
12.58908185030087
3.494522539548171
1.74
12.196529392844754
0.0
1.505048736646427
43.97487894625586
0.0
-1.9890205806259884
0.0
0.19110600000000003
-0.8297836684021723
2.831975150737585
0.0
0.0
-0.07467957656378772
0.0
0.0
0.0
0.0
0.0
15.682275027232395
12.94703802000279
15.552321085688382
28.511797536807663
22.874724847776758
36.90026230282184
62.23665983965425
-1.1787430621827366
11.955632690797607
3.3394619859454746
11.360054156001098
16.582552182574528
-0.6287252880886218
51.56862711817218
3.5836001844341525
1.8456701954770387
8.104197727856024
0.0
0.0
2.070689392850077
8.952187724830093
-3.04
-3.58
-1.3823495011771447
-3.04
-1.1073474858216241
-0.34728727179895974
4.302368937144781
4.04757052413501
9.592958940089039
6.839754853260883
2.0576472335107727
17.860233923930792
24.912424611188705
47.998138379879705
0.4111693155079341
4.249689266743292
7.590791446003605
1.9079153619214082
16.364767680661668
22.47255338798992
40.17078353519309
-0.8803847258339043
0.0
2.7173950298452074
0.4626535864710575
0.0
0.0
1.1
-0.901
0.0
1.9924136208391476
0.0
0.0
0.0
5.891129494942728
12.423664909398845
17.69745451648042
16.289930823093414
14.491248406043647
28.33323557932754
13.412126917779245
54.70976814212027
3.129800884056232
2.9757941800629144
12.729116153508592
0.0
7.406156620212721
6.021460892940915
37.328886443203146
0.0
-1.0991243591652224
-2.0769826963481433
1.1722754767851504
0.9559271145639132
0.0
3.9509486381203907
0.0
-0.40896064836728674
2.8890007212560787
0.0
0.0
0.8481773231020124
0.0
16.31540852170703
2.600379373139089
18.621208024682986
20.867270406405712
6.983047882447888
1.386283495244607
39.21119085696868
5.0287311102089465
-0.5341535929368647
12.764899952768703
10.608188022079418
-0.719231094887604
-1.372174314229464
38.44749631626915
0.0
-2.2931516634891196
-1.6
-0.7902967128604395
3.3785637349838704
-0.5362968390926119
2.3055804633342003
-1.9970459572369683
1.1727045636322848
-1.6
0.0
0.0
-1.6
0.0
14.864434969373391
14.646729900338167
13.123773903082993
25.376008082544992
21.69074742303892
25.896879255599615
47.55076215831785
7.070813972052584
25.46595881901934
5.556003716161659
6.510564956656378
6.493349443561492
11.899672322811416
42.271206436936104
7.262862469149208
3.5285578151917916
14.7748576036612
3.7586432088176185
4.608558512841053
12.34183992451787
18.298397889656826
-1.6709018362381616
0.0
-1.1080403841550432
3.485508953651642
0.0
-0.714769540399083
-0.4
4.793466114322998
6.493168464538591
3.59698111136735
5.337581017610413
34.5289707449125
28.920465394365326
38.20727354190298
-0.15731593633298435
11.671775277203661
0.8606836250266494
0.3243943975346628
15.500098254188678
16.97157157895287
22.452415507124464
-2.10701302057413
4.795768836634377
5.810960966122506
1.5748912460634528
1.7472624821880034
3.0515243602470354
10.40529972259289
-2.04
0.0
-2.4553275018173153
-0.4315352388048743
0.0
-1.528144913427613
0.0
8.81098092036552
13.985942946263746
18.31691867254712
17.682180930731953
12.97321642347739
25.23221215092366
44.7663260965111
3.224004245161936
8.722852421465884
13.547836732469793
3.9919194266182267
14.151599261521724
9.3479291738806
36.49858847493144
8.127266431267905
0.5850598317064277
5.437822017036548
5.855049227414778
3.4937875305620274
3.950726778895621
19.667489178578194
2.9992739750318345
0.0
-3.443001353908037
5.3048038712317
0.0
1.6100064341922606
3.5384561572190085
13.279085624544216
2.9173137679004313
24.1603785894604
11.053144837615868
4.3630609484480205
8.467432818340653
23.843960331702778
-0.3750968176451499
0.8907605266388888
11.427940184242054
13.39695416979941
3.210419590255824
1.1562142919827612
12.128785041865266
1.9235579656663893
0.0
0.0
0.0
0.40827457679308954
-1.4822800000000003
7.345024305090155
0.0
0.21949787495698223
0.0
-1.582807874169017
0.0
0.0
3.4960932952441874
11.440135853543707
10.867558043236176
9.847408731904038
12.142154015591334
17.01703463438342
12.17159071548274
23.238515517334356
4.658199754184645
6.187964394627683
8.988138845362776
0.3221307941493361
8.599434735229199
6.879013198374078
16.475025576811362
4.226620070690588
1.6496504814709831
4.797331517125814
1.3931894893167838
4.695329865770008
3.1681409546302683
14.302807418734703
0.0
0.0
0.7480155537569462
0.0
0.5910943553188934
0.0
0.0
3.8489300291364037
6.264143650453141
9.293865149603871
3.545873800447114
31.624138561790083
28.0328907547038
34.26926323773223
-0.023586519238787407
7.3085243634748425
0.37303454129113706
0.5807221305504151
7.409217610710577
27.6699428123745
24.3620591611794
3.6574840297252202
0.6270542100000001
0.3828592940907358
0.534565639867697
7.524893610558138
-2.0605000026046887
7.035850990562526
2.370135071963608
0.0
-0.0047599230980364116
-1.8790846516042694
0.0
0.7723975832318488
3.1375369684342056
6.50146085832347
9.667185282753548
11.049111280874701
12.517661732283333
17.884397308161187
24.01951999057401
27.53478607486738
3.762210612624261
6.502086623811227
6.392636265386633
3.4795100134561054
2.6910701220421718
4.035821694148393
19.409974920332516
-0.5454146715359713
0.1253066898173032
1.2648009024693545
2.038021943100209
0.06466574233870359
1.5423565081623085
3.907827692774197
0.0
1.8951220855411048
-1.9066242410682142
0.12404785746559899
0.851155820942632
0.0
4.53526445531558
18.73965283481785
8.734628155699667
23.912646594356353
24.846025578001655
4.7300615381493145
10.250497749010503
19.78457822964824
11.928973401422857
-0.24339614681673827
25.630618722439227
23.984902538076582
2.924292304852707
-0.7775667377638001
14.498086546149588
6.232188610346464
5.060037071553063
13.238974856667387
9.87478901744782
5.262361915449338
10.31129459279531
3.1713041703433307
-3.4697099930769304
-5.649809717255113
-0.07201654129900543
-2.0347820625712214
1.1436108424480667
1.7867136892442916
3.4675552702562915
8.240815633700288
7.02669643943001
7.825698169798238
8.058021183851883
7.85762133385623
7.989875134896415
12.789056967238414
10.20156688526673
3.2985858695557515
9.153079133736746
7.159306159499332
7.924436650798422
10.316434728977722
4.144454029015154
8.655803958320544
6.02098091036722
10.232434880101824
5.335926085749053
6.451706292923145
7.627207555603049
16.0368245916197
2.81022097926401
1.6688744493445158
2.547754494330019
-0.13948803390983572
2.72631160558734
1.6300126130909116
3.9580288497336884
9.006627594810261
20.998487710137567
8.563951965403124
9.2992721144244
17.420808736482993
26.971459347778595
14.829958050731989
2.4782118730434073
9.867812237344824
7.149689688787836
6.168764579261835
24.02875736690377
17.904128765107703
11.585818250026591
9.055908848788539
2.661635951981917
11.165431940951338
8.266212469004229
11.709562442441666
14.780363938680246
16.00218689037734
-2.0157826056145187
-2.921766212823866
5.373681148946449
4.625139470605511
0.9016736811781623
3.162101757373425
8.512965223715312
7.036527017040346
6.442158724295289
9.994675501814704
8.770382211155784
10.99380999892905
8.301910221778694
10.621484172516865
6.86541603193841
0.22433529981586864
5.704482446237162
11.977785470953059
9.02904264368247
6.622456514715238
8.870520937358624
4.993402982656476
2.495876782147911
7.108699180574059
9.749393168096125
11.797013393283382
2.8550762727832812
10.757070226346825
-4.293512098966866
-0.3915214185186038
0.18426590782019214
-2.7564412336834043
3.197322564513244
-2.5728043223110406
0.0771212627979414
0.0
0.0
0.0
0.0
0.0
0.0
0.0
0.0
0.0
0.0
0.0
0.0
0.0
0.0
0.0
0.0
0.0
0.0
0.0
0.0
0.0
0.0
0.0
0.0
0.0
0.0
0.0
0.0
0.0
0.0
0.0
0.0
0.0
0.0
0.0
0.0
0.0
0.0
0.0
0.0
0.0
0.0
0.0
0.0
0.0
0.0
0.0
0.0
0.0
0.0
0.0
0.0
0.0
0.0
0.0
0.0
0.0
0.0
0.0
0.0
0.0
0.0
0.0
0.0
0.0
0.0
0.0
0.0
0.0
0.0
0.0
0.0
0.0
0.0
0.0
0.0
0.0
0.0
0.0
0.0
0.0
0.0
0.0
0.0
0.0
0.0
0.0
0.0
0.0
0.0
0.0
0.0
0.0
0.0
0.0
0.0
0.0
0.0
0.0
0.0
0.0
0.0
0.0
0.0
0.0
0.0
0.0
0.0
0.0
0.0
0.0
0.0
-3.868738409822353
5.927693996370054
-1.9136448596903801
-1.7775373619662798
5.303491465989946
6.327381818758257
1.9578433673929063
-8.784066180649798
8.5648018656225
-3.9600000000000004
-3.834788218483133
8.091935727838608
11.246972177211113
2.7073291047101407
0.0
0.0
0.0
0.0
0.0
0.0
0.0
0.0
0.0
0.0
0.0
0.0
-2.4000000000000004
0.0
0.0
1.3740892432786744
4.545026599884056
9.847109559847418
1.2947028196226658
0.0
-0.4833037740767969
-3.2694328041479723
-2.294183977779614
-2.300873078592217
0.4947354591584814
4.495434099837132
0.24478082650846023
1.7760023363575057
-2.0100000000000002
0.0
0.0
0.0
0.0
0.0
0.0
-2.04
0.002949073285536227
0.0
0.0
0.0
0.0
0.0
0.04919255750925887
-1.1969173277007956
0.0
0.0
-4.688575175198725
2.008129124376406
3.1783453807980337
-1.6389425260340986
-0.7681507741139251
0.0
0.0
3.1899458757555887
3.900935062592923
21.923670455544773
0.0
0.0
0.0
0.0
0.0
0.0
0.0
0.0
0.0
0.0
0.0
0.0
0.0
0.0
1.9771362482456665
1.0263987284005138
0.0
0.0
-0.4567023567014376
-0.5997345834043017
3.2774193212242277
-3.42
-0.05309352548171353
-1.1709379765509271
-1.8
-4.566843639924901
-0.9660962732368907
19.4651892208454
0.0
0.0
0.0
0.0
0.0
0.0
0.0
0.0
0.0
0.0
0.0
0.0
0.0
0.0
-2.3776375623148107
18.557109338787015
-0.9355354896055834
-3.9876280012039227
12.775761526869896
10.246268645278997
10.25180072399889
-6.625920726461177
5.774874130078199
-0.16015342958816767
0.0
0.28783010656795716
6.965335669283718
12.703036070072894
2.7
0.0
-1.0
0.0
0.0
0.0
0.0
-1.6
-0.47458325626507536
-3.04
-0.4205904009380141
0.0
-1.6
0.0
12.40520012655288
7.398210681644835
7.281527772773967
10.599119952683441
4.261391589343498
0.18724092431947925
18.479484015324072
0.20526851715322314
1.7029260319822899
0.026148299058071114
2.8682423048287244
6.187916527864129
10.827263705033225
10.006024844150115
8.955862723868503
0.0
0.0
0.0
0.10143825332085682
0.03492304392696206
0.0
-2.58
0.0
-1.4830875124922285
0.0
0.0
0.002949073285536227
-0.8273651979306834
4.302777900237135
-2.566394473254821
6.5924826024437
4.913960392080275
5.595354151751971
0.2250314057693792
30.923396937465007
5.617665184466475
0.0
6.569002425714031
-1.597379537395246
1.7602347353027943
2.125762071530526
37.47156467984522
0.0
0.0
0.0
0.0
-0.5489980882879097
0.0
0.0
0.0
-1.6
0.0
0.0
-1.5091777230599928
-0.6320559797911411
0.0
5.043665160095246
15.03229358400896
11.167720374093214
5.9242664458943635
9.75431516630489
21.96818053606296
23.596842458483323
-3.839139687190966
-0.010370867972256836
5.873429309570339
2.287206959096933
0.0
3.57442259885543
35.48155339896275
0.0
0.0
0.0
0.0
0.0
0.0
0.0
-2.04
0.0
0.0
0.0
0.0
0.0
0.0
7.355562336582285
18.698478037872334
-0.4261672431734407
-3.1900019843802747
6.864553284269842
4.559994375075714
25.916018626244806
-3.1668056090620995
5.882859217693659
0.5994161837036169
0.604450381889988
1.9776972714990848
-0.31835092671446374
23.273709531722794
0.0
0.0
0.0
-0.6000000000000001
0.0
0.0
0.0
0.0
0.3744537334529904
0.0
0.0
-1.6
-3.6942103189168396
0.0
11.628788927873117
15.348162315976376
10.782270593052525
30.430996532337595
10.53946735086599
14.698564675219686
36.49012322157233
-0.9537899271371184
1.832256614482207
0.15891073252791202
0.0
6.707257491854251
-2.3564943338184223
31.763029993655397
0.5072130469774454
-0.6978417791641844
-0.4809880175549641
0.0
-2.106926319650419
-2.2673651979306837
-2.3862094085384067
-3.04
-2.082735498508524
-2.2
-1.6
-3.4962336876853772
-0.6692631965041911
-1.7980856069103037
5.180693047669619
1.8118575213329469
10.134868467587896
6.5284233626951895
8.239983376084897
6.527033476733115
52.515205380842865
1.2251936622028845
-3.600266522545637
0.0
1.2446500108995282
-3.1056993865171343
6.874063896485652
47.6002444254833
-2.58
0.0
0.36815729634236166
0.0
0.0
0.0
0.0
-2.436
-3.6
-1.6
0.0
0.0
0.0
0.0
17.21822605742313
16.77968052503155
9.343201456502253
16.843078418188167
18.84215515473133
31.874119375956298
53.575086996131965
4.117526870099486
0.4854986305943971
1.990079046991216
6.470167992517873
0.0
0.0
44.879242044231425
3.2139693245967695
-0.08333719155862217
0.0
0.0
0.0
0.0
2.6669285978207684
-1.6694225816910464
0.0
0.0
0.0
0.0
-1.692919735747415
3.4306063995132057
3.233545226053959
18.957551995865547
18.590450279105397
7.107263686285524
4.878075775125322
9.919644001512195
51.44942735851715
6.1830241745517736
1.6262313325801538
-1.782034585245708
8.644321357271807
1.621443259402749
0.7208059812908723
48.77635936925432
0.0
-2.591231451277962
-1.0
0.0
0.0
2.0085014969576256
2.094887451561524
3.274516236730299
0.0
0.0
0.0
0.0
3.398724826015667
0.0
14.175357733563844
6.760261130250755
5.113662409326495
21.290835548823075
16.09631037863517
12.190490693144802
57.461271256405546
3.9299260033642676
0.43562904519185386
0.0
0.08786848993874927
1.9981900289228878
8.604146423306187
48.314684833724776
-0.8953634296256241
-1.4655639156753406
0.7881809724247721
-1.6437433555789323
-0.6616807756020133
6.602848973951234
3.284256407655611
0.0
-0.420907274822157
2.648590626351669
0.0
0.0
0.0
1.7709362875182295
3.8017552682712585
8.148120750519952
9.291758933203532
8.440588811771454
8.66214264440521
21.941539902218153
60.056441077763495
0.8806974570733246
6.45464784690593
0.0
0.9102373928772931
9.61207402936557
9.362134974631367
51.61618635552862
-1.215
0.585364288878002
-1.0
0.0
2.256350411213766
0.0
0.0
-1.6
0.0
0.0
0.0
0.0
0.0
0.0
21.150653802798278
8.875320549194798
31.381667257130122
14.87033578726875
11.645346261122146
17.668160782560747
68.95256069715583
6.634851427392611
0.0
0.1628722373734477
0.0
0.0
2.256973798617211
63.36792911400549
-0.23486524731625757
-1.0336198942267725
-0.9576031236015077
0.0
0.0
3.570790354517185
8.249757695902058
0.0
3.86480413072397
0.0
0.0
0.0
6.054633626989196
0.0
15.895141631746824
6.488918534844638
23.567664378084114
22.526819726200113
14.203649898035449
9.421101285912611
74.45627541163589
12.67684977029492
-1.1714942021676573
4.499896055330313
10.839616439729822
0.012150000000000001
5.013525764843838
54.969269802725414
2.1680448545949544
0.0
0.0
-0.7187961446335338
0.8654346311049868
0.0
0.0
0.0
0.0
1.9653036042446264
0.0
0.0
0.742263809227575
8.372915357935584
14.363524259375271
6.065386101085746
11.344951680019246
7.119795344790676
11.324640461958513
16.287699957529277
60.15586145355499
2.420754580944985
3.6554337981806464
-1.8209989547331553
9.111875605659494
11.618756928317964
8.410542930969875
48.98073726803218
-0.4272728962671475
2.9735778529592025
1.9106315625351393
5.730221054895271
8.443934197983463
0.3502277059085739
14.799006674808506
0.0
0.0
-1.0
0.0
0.0
0.0
0.0
6.741682146618121
15.893070277021975
2.9546404245875704
-0.03129757380471332
24.362024368334392
18.503996177210592
58.54277928145659
1.617456347126808
3.2116150765161278
0.3867438667358971
4.11186370826865
15.591250564743625
17.638764766628697
35.78095336131218
2.670418602285758
0.0
1.6596744713665463
0.0
0.9605865799861051
0.0
16.42026909859969
-0.08098526479990031
0.0
0.0
-0.03697519117290184
-2.579582506105613
0.0
6.316889115149967
20.84487533898272
16.11502535227725
19.285038819077275
21.790602402075155
22.47360012730865
18.69719916010269
70.4564351464152
9.324440646604948
13.50387946311833
5.411837102876408
2.427021383840503
4.586540846942086
15.295404068280746
60.51857345018435
1.24573257536674
0.0
4.607915065124833
0.0
3.598297680852984
3.955454028501528
5.88408381136367
0.0
0.0
0.0
0.0
4.796050381955572
0.0
7.823278652696297
9.045352177200977
7.95893726841855
21.815566977052395
21.552179116007498
1.592365863003514
5.246916847162604
46.66819473047667
7.33205336996703
3.7587361930662926
7.1664590571822675
17.978568959686573
2.0195129785660577
3.830343444693491
38.707389314750486
0.8635073918957004
-1.7232936078440668
-0.06159192294723459
0.0
1.8912925733091974
0.730100178411238
0.8
0.0
1.6676465378789709
0.0
0.0
0.0
0.2421829873825564
0.0
8.276008982068491
17.216199296826037
7.469098032628345
12.011253007052789
15.233604341390848
18.096946816449787
39.31752007297094
0.42400019431900104
4.096340841044904
4.105438284401845
2.351070024279797
6.017344643033547
7.049665248091536
29.103936806737888
2.974329288773408
-1.4543836417906708
0.0
2.2407792412512495
2.177187621692775
2.0448011475146197
3.583711971751475
0.5863007250814549
0.1184645658894874
3.1724995103063485
0.0
0.5715377824862432
3.3252664436010697
5.62773452267314
1.6589792539378418
12.773979779469009
8.18481125516768
5.260514853942321
28.347626982694585
22.19228820476404
35.10970527724617
0.6002085567519645
9.115443675437376
4.1940256896096
0.9754615566094901
23.447082143081033
16.462640668439075
24.03166255665656
0.442007863028961
0.0
-1.3113842576231898
1.5913553006601955
0.0
0.0
0.8748647839259572
-4.513037747309369
-3.0220000000000002
3.059398824377221
-6.027547454588757
0.0
-1.9185029484347065
1.0528985651328664
15.417371106670084
28.810259470669543
17.27407452123647
17.389040392006812
20.765678795943376
16.920150935103877
53.16381440150649
0.40966721970758835
2.7861618819139125
18.084664171314028
3.209160086487503
7.802283648763815
11.887560502402053
39.33471209658881
8.204231746701366
6.475237732438142
0.0
2.790033627243432
3.515538482646711
5.127727182083361
16.84750724743921
0.39535997180703264
-1.5010000000000001
0.0
-1.5010000000000001
0.0
5.326407374123917
6.000222089774976
13.21695839652339
5.906424312065846
20.90780467910284
22.257326283630892
1.8909648126914118
7.377220503492888
32.5078380671058
8.480731039066203
2.56525759547203
20.333954760486456
28.680807714317176
-3.0279901634436017
2.727381604421563
31.232331209442506
-0.6751461815594637
1.1518240539148832
-0.2447124194671484
0.2621981378954148
0.0
4.829675476237227
1.4985020269431435
0.0
-2.286822223008178
0.0
2.120095086054667
1.517780330466751
3.3692013321319054
0.33660022974200765
7.89037287128676
10.08199636032274
9.355968494783571
10.750095627193387
4.202248421562734
9.429985764481572
20.208233666104718
0.9279545804892816
4.344690022835096
4.062355959143249
0.08199241020356317
9.030795668884036
11.831318776931303
11.708805739193203
2.251939793447004
0.799499323901146
3.6057483174850433
0.1561185798132212
0.771991943494902
0.8613821776714574
7.921549660389069
0.0
0.0
0.0
2.6992141441407513
-0.9726527513645868
0.4057851546641407
-0.18913594306013246
0.9054407343480293
13.520361001096855
5.803991720843103
7.992282537982922
32.8196370652632
36.569496214342934
37.38728485511385
-1.4023108930270403
14.403493268271163
2.498584926578175
0.833185670453544
17.710732681871914
18.847979210500917
16.17071165647553
-1.0
3.3268473701958117
1.178862466735416
2.5984193720358117
4.545026599884056
0.3546572638357608
12.52388221581828
0.5816014883316362
0.0
1.7434963429605683
-1.150086104528744
0.0
-0.628267819789519
6.795457083657642
18.962430776453093
13.64240445200492
20.94507804427242
17.16443985180186
17.190506952550127
31.52777157802521
47.5009949744024
7.223952225858927
7.1897907148975575
4.606810850498196
3.155639305159755
12.576419180438016
6.751963446838216
43.1321910370288
2.2833059160422255
-1.0
0.7428672498794545
7.82756949282197
0.0
0.05853787775247898
22.218788798510985
-0.6013635444766354
4.566872739281234
-0.30087482921303166
-1.5739092043969256
0.0
0.0
3.680406375934005
15.458212588922887
2.8229812461697796
27.634929720527584
34.11087768679769
1.7094075997488005
8.482488548178404
34.35915079208712
11.116773776483248
2.969368784127756
22.620794882965228
15.539289723508237
0.28087824330317746
-2.697185148516867
23.523159795809548
-1.299881468214205
-0.707920201268623
0.0
0.0
-2.442322073234211
1.579071927608192
0.8
0.0
-1.5533319341114293
0.0
0.0
0.0
1.9279702452604366
1.90600725637062
5.210474781924019
11.268527094947125
6.497092136956577
4.627908920212851
7.147982288849996
10.297028278852967
19.120678135865727
1.236680677464343
4.537262588283331
4.436696748919398
2.1808113038839547
8.107670431539308
11.14916647442618
6.258078906661294
0.3500704236340566
-0.3984441219665178
-0.5598836385174337
0.9067687053612945
-1.9041604895658313
2.3084645124502394
15.440214826299066
0.5548233802198981
-0.8175679691881244
-0.966604501578897
0.0
-1.567959912011858
0.4375129702965166
0.0
0.48254324831716033
19.50222205801599
2.5618466577603516
5.726712219291784
26.616419566433017
25.6554313329607
24.749194924353333
2.2444799392868378
2.634897378787572
0.9152393056315623
-0.24500610627720398
27.894827693834362
23.86246268024898
22.66444217455352
2.1058138104780313
0.0
-0.17109554911557387
-1.593407375860916
1.4823914978144153
0.0
9.490638325887609
2.8435854816934887
0.0
0.0
0.0
0.0
0.9966703823942309
0.34286462431991566
13.381027954696963
6.545739660593004
27.696241867342717
15.404666564436251
14.718939012298376
20.82991424414612
37.26747831284246
9.715315969360148
-0.3282227166506023
7.439044903320031
11.989568633722806
6.314282724893437
6.504918371608916
24.132425029346305
2.8829032354409048
10.21826459635838
3.1169969940687756
3.6110282602309325
1.5679102654427208
1.0134767145085766
9.870319787695776
-0.13616699721410913
1.0114103770044074
0.9366832626736619
0.0
0.0
-1.5049748468134942
6.298842804935447
12.731923916042746
10.695633664524351
15.581770997881
24.632021202396327
13.292705904483046
9.071770156133487
21.091983705241976
12.357727373996896
0.969390790544409
16.11077846125478
13.064009728380745
9.171127001375744
6.703215196319466
11.756024151750031
4.294108955306857
4.0726323226445285
6.239245747914522
12.34833672752513
6.016654423575121
11.86668696408696
10.547520348937113
-4.530683637248627
-2.0387957924227242
3.8858652080548977
-0.5551658667361211
1.5928242310233336
4.846280612179379
0.6918933361503226
4.789901161858111
8.261455118131265
5.716656605951733
12.11277434357481
5.874466207756198
6.864499801462755
7.0796789260326385
6.9266592613542475
5.303140206186042
4.269640861471604
4.12770575257458
5.481551745507754
8.64770694660389
3.6715018275934344
3.2348004190028066
3.7262666464397434
4.6443780961712475
3.9543772523727494
5.078881770193009
2.5135027793981863
8.125727458016522
-1.9442319364180856
-1.2024137723960078
-0.7975543298319473
2.0157946142140224
-3.393745100929379
1.8935753107674074
6.850997451755856
8.742892889713364
15.740817079253603
10.141502421649239
9.967370319095298
15.8368986376906
15.529304993442171
16.515125295331153
3.1740310206790117
11.973495548395967
9.576500636898993
6.542796858370619
18.138013389398573
16.09930431983052
12.338928988913617
7.1391151016529
4.786432960125509
9.459305283134128
8.17857552908014
10.53981472172138
5.378381004561381
8.406731600716558
-2.069234257516951
-2.000312516082464
-2.0369400215394116
2.5096485769511028
-8.152910445390441
4.04201670845024
-1.4187379952701757
11.223251518405055
10.689858667301644
13.46550555265543
9.950728174549873
7.756972286018843
12.20801097021466
8.868497291191195
6.910489335373477
4.63158203980727
10.794894621005678
5.088666517439495
10.460458535945833
8.688623030557693
4.641008250833056
2.094971101177332
4.249765421248591
5.647410917884935
5.468302125703701
5.266197070886262
6.577275797899452
9.917530500339852
-3.4569238405283507
-1.2035635863833622
-0.7934650605033342
-1.192581365755284
-0.27462030395219816
-0.3833450583775564
2.0974341649730537
