-483.5 	0 	0 	0.5
-369.5 	1 	1 	0.5
-376.0 	2 	1 	0.5
-468.0 	3 	0 	0.5
-529.0 	4 	0 	0.5
-487.5 	5 	0 	0.5
-458.0 	6 	0 	0.5
-537.0 	7 	0 	0.5
-524.0 	8 	0 	0.5
-446.0 	9 	0 	0.5
-345.5 	10 	1 	0.5
-521.75 	11 	0 	0.5
-440.0 	12 	0 	0.5
-568.5 	13 	0 	0.5
-144.0 	14 	1 	0.5
-499.49999999999994 	15 	0 	0.5
-364.5 	16 	0 	0.5
-359.0 	17 	0 	0.5
-270.0 	18 	1 	0.5
-167.0 	19 	1 	0.5
-446.0 	20 	0 	0.5
-401.5 	21 	1 	0.5
-489.5 	22 	0 	0.5
-342.0 	23 	1 	0.5
-393.5 	24 	0 	0.5
-369.5 	25 	0 	0.5
-282.0 	26 	1 	0.5
-505.5 	27 	0 	0.5
-599.5 	28 	0 	0.5
-385.5 	29 	1 	0.5
-394.5 	30 	0 	0.5
-470.0 	31 	1 	0.5
-505.0 	32 	0 	0.5
-314.0 	33 	1 	0.5
-425.0 	34 	0 	0.5
-313.5 	35 	1 	0.5
-441.0000000000002 	36 	0 	0.5
-455.0 	37 	0 	0.5
-490.0 	38 	0 	0.5
-429.0 	39 	0 	0.5
-444.50000000000006 	40 	0 	0.5
-428.5 	41 	1 	0.5
-427.0 	42 	0 	0.5
-432.5 	43 	0 	0.5
-319.7500000000041 	44 	0 	0.5
-372.0 	45 	1 	0.5
-370.5 	46 	0 	0.5
-444.0 	47 	1 	0.5
-288.8000000000001 	48 	1 	0.5
-312.0 	49 	0 	0.5
-473.5 	50 	1 	0.5
-361.0 	51 	0 	0.5
-438.5 	52 	0 	0.5
-364.5 	53 	1 	0.5
-397.0 	54 	0 	0.5
-418.0 	55 	0 	0.5
-438.0 	56 	1 	0.5
-541.0 	57 	0 	0.5
-478.0 	58 	1 	0.5
-228.0 	59 	1 	0.5
-628.0 	60 	0 	0.5
-510.0 	61 	0 	0.5
-580.5 	62 	0 	0.5
-544.5 	63 	0 	0.5
-326.5 	64 	1 	0.5
-452.0 	65 	1 	0.5
-436.0 	66 	0 	0.5
-521.0 	67 	0 	0.5
-413.0 	68 	0 	0.5
-402.0 	69 	0 	0.5
-201.5 	70 	1 	0.5
-402.5 	71 	0 	0.5
-242.0 	72 	1 	0.5
-401.5 	73 	1 	0.5
-605.5 	74 	0 	0.5
-389.5 	75 	0 	0.5
-447.5 	76 	0 	0.5
-246.5 	77 	1 	0.5
-389.5 	78 	0 	0.5
-384.0 	79 	0 	0.5
-432.0 	80 	1 	0.5
-383.0 	81 	1 	0.5
-441.24999999999994 	82 	0 	0.5
-419.2499999999991 	83 	0 	0.5
-345.5 	84 	1 	0.5
-518.5 	85 	0 	0.5
-447.0 	86 	1 	0.5
-385.0 	87 	1 	0.5
-363.0 	88 	1 	0.5
-306.5 	89 	1 	0.5
-359.0 	90 	0 	0.5
-418.0 	91 	0 	0.5
-441.5 	92 	0 	0.5
-279.5 	93 	1 	0.5
-390.90000000000003 	94 	1 	0.5
-455.5 	95 	1 	0.5
-447.0 	96 	0 	0.5
-481.0 	97 	0 	0.5
-310.5 	98 	1 	0.5
-578.0 	99 	0 	0.5
-435.5 	100 	0 	0.5
-248.0 	101 	1 	0.5
-554.5 	102 	0 	0.5
-522.5 	103 	0 	0.5
-411.0 	104 	1 	0.5
-424.2499999999994 	105 	0 	0.5
-444.5 	106 	1 	0.5
-384.0 	107 	0 	0.5
-231.5 	108 	1 	0.5
-476.0 	109 	0 	0.5
-567.0 	110 	1 	0.5
-373.5 	111 	1 	0.5
-210.0 	112 	1 	0.5
-207.0 	113 	1 	0.5
-396.5 	114 	0 	0.5
-469.40000000000333 	115 	0 	0.5
-499.5 	116 	0 	0.5
-445.5 	117 	0 	0.5
-320.5 	118 	1 	0.5
-343.5 	119 	1 	0.5
-451.0 	120 	0 	0.5
-372.89999999999895 	121 	1 	0.5
-517.5 	122 	0 	0.5
-421.0 	123 	1 	0.5
-446.0 	124 	0 	0.5
-388.0 	125 	1 	0.5
-417.0 	126 	1 	0.5
-516.5 	127 	1 	0.5
-343.5 	128 	0 	0.5
-454.2999999999999 	129 	1 	0.5
-562.0 	130 	0 	0.5
-405.0 	131 	1 	0.5
-410.0 	132 	0 	0.5
-291.5 	133 	1 	0.5
-222.5 	134 	1 	0.5
-346.0 	135 	0 	0.5
-538.0 	136 	0 	0.5
-432.0 	137 	1 	0.5
-453.0 	138 	0 	0.5
-411.0 	139 	1 	0.5
-465.5 	140 	0 	0.5
-350.0 	141 	1 	0.5
-370.0 	142 	1 	0.5
-411.5 	143 	0 	0.5
-460.5 	144 	0 	0.5
-435.0 	145 	1 	0.5
-574.0 	146 	1 	0.5
-405.0 	147 	1 	0.5
-391.5 	148 	0 	0.5
-166.5 	149 	1 	0.5
-339.5 	150 	1 	0.5
-519.5 	151 	0 	0.5
-333.0 	152 	1 	0.5
-298.0 	153 	1 	0.5
-334.75000000000006 	154 	0 	0.5
-283.0 	155 	1 	0.5
-290.5 	156 	1 	0.5
-360.0 	157 	0 	0.5
-480.0 	158 	0 	0.5
-511.0 	159 	0 	0.5
-343.0 	160 	0 	0.5
-463.0 	161 	0 	0.5
-397.0 	162 	1 	0.5
-397.0 	162 	0 	0.5
-247.00000000000003 	163 	1 	0.5
-373.5 	164 	0 	0.5
-365.0 	165 	0 	0.5
-495.0 	166 	1 	0.5
-344.0 	167 	0 	0.5
-546.5000000000001 	168 	0 	0.5
-434.0 	169 	0 	0.5
-439.5 	170 	0 	0.5
-284.0 	171 	1 	0.5
-524.0 	172 	0 	0.5
-262.0 	173 	1 	0.5
-162.0 	174 	1 	0.5
-354.0 	175 	1 	0.5
-360.5 	176 	1 	0.5
-499.70000000000005 	177 	0 	0.5
-551.5 	178 	0 	0.5
-402.5 	179 	0 	0.5
-287.5 	180 	1 	0.5
-402.0 	181 	1 	0.5
-207.0 	182 	1 	0.5
-396.5 	183 	0 	0.5
-348.5 	184 	1 	0.5
-379.0 	185 	1 	0.5
-478.24999999999994 	186 	0 	0.5
-273.5 	187 	1 	0.5
-477.7500000000001 	188 	0 	0.5
-550.0 	189 	0 	0.5
-451.0 	190 	1 	0.5
-468.5 	191 	0 	0.5
-367.5 	192 	1 	0.5
-587.0 	193 	0 	0.5
-443.5 	194 	0 	0.5
-140.0 	195 	1 	0.5
-442.0 	196 	0 	0.5
-492.99999999999955 	197 	0 	0.5
-251.0 	198 	1 	0.5
-478.5 	199 	1 	0.5
-381.5 	200 	1 	0.5
-462.0 	201 	0 	0.5
-450.50000000000006 	202 	0 	0.5
-359.5 	203 	0 	0.5
-505.0 	204 	0 	0.5
-342.5 	205 	1 	0.5
-439.5 	206 	0 	0.5
-598.3 	207 	1 	0.5
-493.0 	208 	1 	0.5
-596.2500000000003 	209 	0 	0.5
-401.0 	210 	1 	0.5
-448.5 	211 	0 	0.5
-461.0 	212 	0 	0.5
-475.20000000000005 	213 	1 	0.5
-482.5 	214 	0 	0.5
-472.5 	215 	0 	0.5
-463.0 	216 	0 	0.5
-640.0 	217 	0 	0.5
-273.5 	218 	1 	0.5
-467.5 	219 	0 	0.5
-406.0 	220 	1 	0.5
-561.5 	221 	0 	0.5
-483.0 	222 	1 	0.5
-391.0 	223 	0 	0.5
-349.5 	224 	1 	0.5
-420.5 	225 	1 	0.5
-394.5 	226 	1 	0.5
-338.0 	227 	1 	0.5
-286.5 	228 	1 	0.5
-508.0 	229 	1 	0.5
-542.8 	230 	1 	0.5
-585.0 	231 	0 	0.5
-397.5 	232 	1 	0.5
-433.5 	233 	0 	0.5
-448.0 	234 	0 	0.5
-395.0 	235 	0 	0.5
-297.5 	236 	1 	0.5
-397.5 	237 	1 	0.5
-430.0 	238 	1 	0.5
-397.0 	239 	0 	0.5
-367.0 	240 	1 	0.5
-410.5 	241 	0 	0.5
-414.5 	242 	0 	0.5
-377.5 	243 	1 	0.5
-315.5 	244 	1 	0.5
-510.5 	245 	0 	0.5
-328.5 	246 	1 	0.5
-375.5 	247 	1 	0.5
-419.5 	248 	0 	0.5
-451.5 	249 	1 	0.5
-250.0 	250 	1 	0.5
-292.0 	251 	1 	0.5
-461.0 	252 	1 	0.5
-429.0 	253 	0 	0.5
-403.5 	254 	1 	0.5
-369.5 	255 	0 	0.5
-381.0 	256 	1 	0.5
-386.0 	257 	0 	0.5
-436.5 	258 	0 	0.5
-552.9999999999994 	259 	0 	0.5
-405.5 	260 	0 	0.5
-405.5 	261 	0 	0.5
-415.5 	262 	0 	0.5
-465.5 	263 	0 	0.5
-410.0 	264 	1 	0.5
-349.5 	265 	1 	0.5
-208.0 	266 	1 	0.5
-512.0 	267 	0 	0.5
-397.5 	268 	0 	0.5
-557.5 	269 	0 	0.5
-471.5 	270 	1 	0.5
-272.2999999999984 	271 	1 	0.5
-353.5 	272 	0 	0.5
-512.5 	273 	0 	0.5
-603.0 	274 	0 	0.5
-410.0 	275 	0 	0.5
-463.0 	276 	0 	0.5
-408.0 	277 	1 	0.5
-487.0 	278 	0 	0.5
-461.0 	279 	0 	0.5
-355.5 	280 	1 	0.5
-147.0 	281 	1 	0.5
-370.0 	282 	0 	0.5
-391.5 	283 	1 	0.5
-417.0 	284 	0 	0.5
-382.0 	285 	0 	0.5
-377.5 	286 	1 	0.5
-473.5 	287 	1 	0.5
-476.5 	288 	0 	0.5
-397.0 	289 	1 	0.5
-302.90000000000003 	290 	1 	0.5
-230.0 	291 	1 	0.5
-301.0 	292 	1 	0.5
-422.5 	293 	1 	0.5
-338.0 	294 	1 	0.5
-423.5 	295 	1 	0.5
-186.5 	296 	1 	0.5
-385.0 	297 	1 	0.5
-348.5 	298 	1 	0.5
-418.5 	299 	0 	0.5
-605.5 	300 	0 	0.5
-444.0 	301 	0 	0.5
-708.0 	302 	0 	0.5
-496.0 	303 	0 	0.5
-349.5 	304 	1 	0.5
-481.0 	305 	0 	0.5
-288.5 	306 	1 	0.5
-468.0 	307 	0 	0.5
-410.0 	308 	0 	0.5
-333.5 	309 	1 	0.5
-358.5 	310 	0 	0.5
-360.5 	311 	0 	0.5
-225.5 	312 	1 	0.5
-259.0 	313 	0 	0.5
-251.0 	314 	1 	0.5
-422.5 	315 	1 	0.5
-313.5 	316 	1 	0.5
-376.5 	317 	1 	0.5
-446.5 	318 	1 	0.5
-485.5 	319 	0 	0.5
-295.5 	320 	1 	0.5
-586.0 	321 	0 	0.5
-499.5 	322 	0 	0.5
-489.0 	323 	0 	0.5
-270.0 	324 	1 	0.5
-495.5 	325 	0 	0.5
-404.5 	326 	1 	0.5
-396.5 	327 	0 	0.5
-711.5 	328 	0 	0.5
-367.5 	329 	0 	0.5
-433.5 	330 	0 	0.5
-437.0 	331 	0 	0.5
-541.5 	332 	0 	0.5
-276.0 	333 	1 	0.5
-468.00000000000006 	334 	0 	0.5
-247.0 	335 	1 	0.5
-469.5 	336 	0 	0.5
-338.0 	337 	1 	0.5
-471.0 	338 	0 	0.5
-554.5 	339 	0 	0.5
-493.0 	340 	0 	0.5
-486.5 	341 	0 	0.5
-291.0 	342 	1 	0.5
-395.5 	343 	1 	0.5
-446.5 	344 	1 	0.5
-227.0 	345 	1 	0.5
-429.5 	346 	0 	0.5
-551.5 	347 	0 	0.5
-474.5 	348 	0 	0.5
-278.5 	349 	1 	0.5
-466.75000000000006 	350 	0 	0.5
-563.7500000000002 	351 	0 	0.5
-501.50000000000006 	352 	0 	0.5
-426.0 	353 	0 	0.5
-512.0 	354 	1 	0.5
-476.0 	355 	0 	0.5
-476.0 	356 	0 	0.5
-313.0 	357 	1 	0.5
-347.5 	358 	0 	0.5
-297.5 	359 	1 	0.5
-473.5 	360 	0 	0.5
-392.0 	361 	1 	0.5
-470.0 	362 	0 	0.5
-340.0 	363 	1 	0.5
-451.5 	364 	0 	0.5
-125.5 	365 	1 	0.5
-427.50000000000006 	366 	0 	0.5
-433.0 	367 	0 	0.5
-315.0 	368 	1 	0.5
-529.5 	369 	0 	0.5
-437.0 	370 	0 	0.5
-313.5 	371 	1 	0.5
-439.5 	372 	0 	0.5
-332.5 	373 	1 	0.5
-456.0 	374 	1 	0.5
-447.0 	375 	1 	0.5
-404.0 	376 	0 	0.5
-466.5 	377 	0 	0.5
-241.5 	378 	1 	0.5
-280.5 	379 	1 	0.5
-282.5 	380 	1 	0.5
-446.5 	381 	0 	0.5
-491.5 	382 	1 	0.5
-439.0 	383 	0 	0.5
-197.5 	384 	1 	0.5
-326.0 	385 	0 	0.5
-383.0 	386 	0 	0.5
-555.0 	387 	0 	0.5
-233.0 	388 	1 	0.5
-310.5 	389 	1 	0.5
-299.0 	390 	1 	0.5
-283.5 	391 	1 	0.5
-443.0 	392 	0 	0.5
-369.5 	393 	1 	0.5
-365.0 	394 	0 	0.5
-339.5 	395 	1 	0.5
-285.5 	396 	1 	0.5
-397.4999999999999 	397 	0 	0.5
-509.5 	398 	1 	0.5
-430.5 	399 	1 	0.5
-611.0 	400 	0 	0.5
-407.2500000000001 	401 	0 	0.5
-460.5 	402 	0 	0.5
-326.5 	403 	1 	0.5
-546.0 	404 	0 	0.5
-235.5 	405 	1 	0.5
-242.5 	406 	1 	0.5
-489.5000000000001 	407 	0 	0.5
-424.5 	408 	1 	0.5
-433.5 	409 	0 	0.5
-432.0 	410 	0 	0.5
-335.0 	411 	0 	0.5
-411.5 	412 	0 	0.5
-451.5 	413 	0 	0.5
-377.8 	414 	1 	0.5
-399.0 	415 	0 	0.5
-405.0 	416 	0 	0.5
-503.59999999999997 	417 	1 	0.5
-372.5 	418 	1 	0.5
-412.5 	419 	1 	0.5
-319.0 	420 	1 	0.5
-510.0 	421 	0 	0.5
-250.5 	422 	1 	0.5
-519.5000000000003 	423 	0 	0.5
-358.0 	424 	0 	0.5
-364.5 	425 	1 	0.5
-480.0 	426 	0 	0.5
-500.5 	427 	0 	0.5
-401.0 	428 	0 	0.5
-336.5 	429 	0 	0.5
-432.5 	430 	0 	0.5
-418.7000000000048 	431 	0 	0.5
-445.0 	432 	1 	0.5
-551.5 	433 	1 	0.5
-481.5 	434 	1 	0.5
-301.5 	435 	1 	0.5
-359.7000000000042 	436 	1 	0.5
-447.5 	437 	1 	0.5
-401.0 	438 	1 	0.5
-461.0 	439 	1 	0.5
-509.50000000000136 	440 	0 	0.5
-366.0 	441 	1 	0.5
-475.0 	442 	1 	0.5
-392.5 	443 	0 	0.5
-446.0 	444 	1 	0.5
-497.5 	445 	0 	0.5
-306.0 	446 	1 	0.5
-342.5 	447 	1 	0.5
-484.0 	448 	1 	0.5
-136.5 	449 	1 	0.5
-389.0 	450 	1 	0.5
-371.5 	451 	0 	0.5
-485.0000000000001 	452 	0 	0.5
-443.0 	453 	0 	0.5
-338.5000000000013 	454 	0 	0.5
-348.0 	455 	1 	0.5
-456.5 	456 	1 	0.5
-519.5 	457 	0 	0.5
-469.0 	458 	1 	0.5
-351.0 	459 	0 	0.5
-415.0 	460 	1 	0.5
-477.5 	461 	0 	0.5
-467.5 	462 	0 	0.5
-493.0 	463 	0 	0.5
-502.5 	464 	0 	0.5
-359.0 	465 	0 	0.5
-358.5 	466 	0 	0.5
-315.5 	467 	0 	0.5
-525.2500000000018 	468 	0 	0.5
-438.0 	469 	0 	0.5
-433.5 	470 	0 	0.5
-360.0 	471 	0 	0.5
-395.0 	472 	0 	0.5
-363.5 	473 	0 	0.5
-366.5 	474 	1 	0.5
-382.5 	475 	1 	0.5
-439.89999999999986 	476 	1 	0.5
-425.5999999999999 	477 	0 	0.5
-474.99999999999994 	478 	1 	0.5
-158.0 	479 	1 	0.5
-396.0 	480 	0 	0.5
-405.00000000000017 	481 	0 	0.5
-176.0 	482 	1 	0.5
-477.5 	483 	0 	0.5
-313.5 	484 	1 	0.5
-396.0 	485 	0 	0.5
-484.5 	486 	0 	0.5
-423.0 	487 	0 	0.5
-237.80000000000314 	488 	1 	0.5
-442.75000000000006 	489 	0 	0.5
-399.0 	490 	0 	0.5
-410.00000000000097 	491 	1 	0.5
-460.0 	492 	0 	0.5
-640.0 	493 	0 	0.5
-450.5 	494 	0 	0.5
-394.0 	495 	1 	0.5
-352.5 	496 	1 	0.5
-402.5 	497 	0 	0.5
-439.0 	498 	1 	0.5
-360.5 	499 	0 	0.5
-318.0 	500 	1 	0.5
-372.0 	501 	0 	0.5
-359.3999999999972 	502 	1 	0.5
-454.0 	503 	1 	0.5
-457.0 	504 	1 	0.5
-429.0 	505 	0 	0.5
-403.5 	506 	0 	0.5
-495.0 	507 	0 	0.5
-402.0 	508 	0 	0.5
-560.5 	509 	1 	0.5
-433.0 	510 	1 	0.5
-313.5 	511 	0 	0.5
-380.0 	512 	1 	0.5
-435.0 	513 	0 	0.5
-493.0 	514 	1 	0.5
-516.0 	515 	0 	0.5
-304.5 	516 	1 	0.5
-358.0 	517 	1 	0.5
-522.5 	518 	0 	0.5
-482.0 	519 	1 	0.5
-241.5 	520 	1 	0.5
-397.5 	521 	0 	0.5
-543.5 	522 	0 	0.5
-355.5 	523 	1 	0.5
-605.0 	524 	0 	0.5
-429.0 	525 	1 	0.5
-358.5 	526 	1 	0.5
-321.0 	527 	1 	0.5
-334.5 	528 	0 	0.5
-417.0 	529 	0 	0.5
-344.0 	530 	1 	0.5
-453.0 	531 	0 	0.5
-427.0 	532 	1 	0.5
-429.5 	533 	1 	0.5
-517.2 	534 	0 	0.5
-502.0 	535 	0 	0.5
-370.5 	536 	0 	0.5
-346.5 	537 	1 	0.5
-439.0 	538 	0 	0.5
-438.0 	539 	0 	0.5
-83.5 	540 	1 	0.5
-410.5 	541 	1 	0.5
-517.5 	542 	0 	0.5
-257.0999999999994 	543 	1 	0.5
-248.5 	544 	1 	0.5
-355.5 	545 	1 	0.5
-548.7500000000001 	546 	0 	0.5
-306.79999999999995 	547 	1 	0.5
-194.5 	548 	1 	0.5
-297.0 	549 	1 	0.5
-486.5 	550 	1 	0.5
-495.9000000000001 	551 	0 	0.5
-313.5 	552 	1 	0.5
-441.0 	553 	0 	0.5
-542.0 	554 	0 	0.5
-421.5 	555 	1 	0.5
-409.0 	556 	1 	0.5
-385.5 	557 	0 	0.5
-459.0 	558 	0 	0.5
-200.5 	559 	1 	0.5
-394.5 	560 	0 	0.5
-366.0 	561 	0 	0.5
-489.5 	562 	1 	0.5
-492.0 	563 	0 	0.5
-503.5 	564 	0 	0.5
-182.5 	565 	1 	0.5
-390.5 	566 	1 	0.5
-439.0 	567 	0 	0.5
-450.2500000000029 	568 	0 	0.5
-385.5 	569 	1 	0.5
-410.0 	570 	1 	0.5
-384.5 	571 	0 	0.5
-323.0 	572 	0 	0.5
-312.5 	573 	1 	0.5
-426.5 	574 	0 	0.5
-382.5 	575 	0 	0.5
-487.5 	576 	0 	0.5
-368.5 	577 	1 	0.5
-323.89999999999986 	578 	1 	0.5
-448.5 	579 	1 	0.5
-394.0 	580 	1 	0.5
-214.0 	581 	0 	0.5
-350.5 	582 	1 	0.5
-425.5 	583 	0 	0.5
-390.5 	584 	1 	0.5
-270.5 	585 	1 	0.5
-286.25000000000233 	586 	0 	0.5
-384.0 	587 	1 	0.5
-358.5 	588 	1 	0.5
-415.0 	589 	0 	0.5
-214.5 	590 	1 	0.5
-408.5 	591 	1 	0.5
-433.0 	592 	0 	0.5
-552.5 	593 	1 	0.5
-463.5 	594 	0 	0.5
-378.0 	595 	0 	0.5
-373.0 	596 	0 	0.5
-600.0 	597 	0 	0.5
-473.0 	598 	0 	0.5
-351.0 	599 	0 	0.5
-407.0 	600 	1 	0.5
-530.5 	601 	0 	0.5
-419.00000000000017 	602 	0 	0.5
-492.5 	603 	1 	0.5
-225.0 	604 	1 	0.5
-400.5 	605 	0 	0.5
-308.0 	606 	1 	0.5
-593.0 	607 	0 	0.5
-525.0 	608 	1 	0.5
-269.5 	609 	1 	0.5
-238.0 	610 	1 	0.5
-457.5 	611 	1 	0.5
-400.5 	612 	0 	0.5
-508.5 	613 	0 	0.5
-435.0 	614 	0 	0.5
-436.0 	615 	0 	0.5
-440.5 	616 	0 	0.5
-262.5 	617 	1 	0.5
-468.0 	618 	0 	0.5
-303.0 	619 	1 	0.5
-120.5 	620 	1 	0.5
-299.5 	621 	1 	0.5
-428.5 	622 	1 	0.5
-462.0 	623 	0 	0.5
-412.5 	624 	0 	0.5
-413.5 	625 	0 	0.5
-412.5 	626 	0 	0.5
-399.5 	627 	0 	0.5
-329.0 	628 	1 	0.5
-470.50000000000006 	629 	0 	0.5
-421.0 	630 	1 	0.5
-391.5 	631 	1 	0.5
-475.5 	632 	0 	0.5
-439.5 	633 	1 	0.5
-306.5 	634 	1 	0.5
-373.5 	635 	1 	0.5
-494.0 	636 	0 	0.5
-374.0 	637 	1 	0.5
-242.4 	638 	1 	0.5
-366.0 	639 	0 	0.5
-364.0 	640 	0 	0.5
-472.0 	641 	1 	0.5
-364.7499999999991 	642 	0 	0.5
-250.5 	643 	1 	0.5
-420.5 	644 	0 	0.5
-221.5 	645 	1 	0.5
-437.5 	646 	1 	0.5
-418.5 	647 	1 	0.5
-450.0 	648 	1 	0.5
-609.5 	649 	0 	0.5
-511.5 	650 	0 	0.5
-440.5 	651 	0 	0.5
-456.0 	652 	0 	0.5
-418.5 	653 	1 	0.5
-528.5 	654 	0 	0.5
-521.5 	655 	0 	0.5
-360.0 	656 	1 	0.5
-443.0 	657 	0 	0.5
-490.0 	658 	0 	0.5
-417.5 	659 	0 	0.5
-336.0 	660 	0 	0.5
-529.0999999999999 	661 	0 	0.5
-402.5 	662 	0 	0.5
-499.5 	663 	1 	0.5
-539.0 	664 	0 	0.5
-289.0 	665 	1 	0.5
-359.5 	666 	1 	0.5
-363.20000000000005 	667 	1 	0.5
-390.0 	668 	0 	0.5
-290.0 	669 	1 	0.5
-500.0 	670 	0 	0.5
-347.5 	671 	1 	0.5
-312.5 	672 	1 	0.5
-354.5 	673 	1 	0.5
-206.0 	674 	1 	0.5
-464.0000000000001 	675 	0 	0.5
-362.0 	676 	1 	0.5
-333.0 	677 	1 	0.5
-317.5 	678 	1 	0.5
-596.0 	679 	0 	0.5
-328.0 	680 	1 	0.5
-434.5 	681 	1 	0.5
-491.0 	682 	0 	0.5
-469.9999999999999 	683 	0 	0.5
-434.5 	684 	0 	0.5
-340.0 	685 	1 	0.5
-428.5 	686 	0 	0.5
-330.0 	687 	1 	0.5
-413.5 	688 	1 	0.5
-358.75000000000006 	689 	0 	0.5
-531.5 	690 	0 	0.5
-358.24999999999767 	691 	0 	0.5
-519.5 	692 	1 	0.5
-480.5 	693 	0 	0.5
-435.7499999999995 	694 	0 	0.5
-218.5 	695 	1 	0.5
-102.5 	696 	1 	0.5
-271.5 	697 	1 	0.5
-379.0 	698 	0 	0.5
-439.9999999999996 	699 	0 	0.5
-329.0 	700 	1 	0.5
-372.7500000000001 	701 	0 	0.5
-382.0 	702 	1 	0.5
-394.0 	703 	0 	0.5
-105.5 	704 	1 	0.5
-297.5 	705 	1 	0.5
-342.70000000000005 	706 	1 	0.5
-479.5 	707 	0 	0.5
-398.5 	708 	1 	0.5
-461.0 	709 	0 	0.5
-244.5 	710 	1 	0.5
-355.09999999999997 	711 	0 	0.5
-346.5 	712 	1 	0.5
-457.5 	713 	0 	0.5
-422.0 	714 	0 	0.5
-383.0 	715 	0 	0.5
-380.0 	716 	1 	0.5
-431.0 	717 	0 	0.5
-381.4 	718 	1 	0.5
-482.5 	719 	1 	0.5
-380.0 	720 	0 	0.5
-319.0 	721 	1 	0.5
-508.5 	722 	0 	0.5
-390.0 	723 	1 	0.5
-387.0 	724 	0 	0.5
-374.5 	725 	0 	0.5
-359.5 	726 	1 	0.5
-571.0 	727 	0 	0.5
-401.5 	728 	1 	0.5
-320.5 	729 	1 	0.5
-411.5 	730 	0 	0.5
-117.0 	731 	1 	0.5
-276.0 	732 	1 	0.5
-331.0 	733 	0 	0.5
-448.5 	734 	1 	0.5
-445.0 	735 	0 	0.5
-378.5 	736 	0 	0.5
-492.0 	737 	0 	0.5
-310.0 	738 	1 	0.5
-410.0 	739 	0 	0.5
-327.0 	740 	0 	0.5
-292.0 	741 	1 	0.5
-330.0 	742 	1 	0.5
-314.0 	743 	1 	0.5
-430.0 	744 	0 	0.5
-367.5 	745 	1 	0.5
-483.24999999999994 	746 	0 	0.5
-450.5 	747 	0 	0.5
-258.5 	748 	1 	0.5
-415.0 	749 	0 	0.5
-369.5 	750 	1 	0.5
-359.5 	751 	1 	0.5
-495.5 	752 	0 	0.5
-172.5 	753 	1 	0.5
-359.0 	754 	1 	0.5
-341.0 	755 	0 	0.5
-331.5 	756 	1 	0.5
-422.0 	757 	0 	0.5
-444.0 	758 	0 	0.5
-377.5 	759 	1 	0.5
-226.0 	760 	1 	0.5
-350.5 	761 	1 	0.5
-319.00000000000006 	762 	0 	0.5
-466.0 	763 	0 	0.5
-437.0 	764 	1 	0.5
-386.0 	765 	0 	0.5
-410.0 	766 	1 	0.5
-246.5 	767 	1 	0.5
-400.0 	768 	0 	0.5
-469.0 	769 	0 	0.5
-353.5 	770 	1 	0.5
-456.0 	771 	0 	0.5
-409.0 	772 	1 	0.5
-369.5 	773 	0 	0.5
-398.0 	774 	1 	0.5
-442.0 	775 	1 	0.5
-346.0 	776 	0 	0.5
-342.5 	777 	0 	0.5
-333.5 	778 	1 	0.5
-322.0 	779 	1 	0.5
-395.5 	780 	1 	0.5
-232.5 	781 	1 	0.5
-257.0 	782 	1 	0.5
-175.0 	783 	1 	0.5
-418.0 	784 	0 	0.5
-483.7500000000002 	785 	0 	0.5
-398.0 	786 	0 	0.5
-540.5 	787 	1 	0.5
-382.0 	788 	1 	0.5
-449.5 	789 	1 	0.5
-214.5 	790 	1 	0.5
-438.5 	791 	1 	0.5
-461.0 	792 	0 	0.5
-427.0 	793 	0 	0.5
-280.0 	794 	0 	0.5
-492.0 	795 	1 	0.5
-250.5 	796 	1 	0.5
-373.7500000000001 	797 	0 	0.5
-523.5 	798 	0 	0.5
-380.5 	799 	0 	0.5
-218.0 	800 	1 	0.5
-483.0 	801 	0 	0.5
-490.0 	802 	0 	0.5
-157.5 	803 	1 	0.5
-391.5 	804 	0 	0.5
-399.0 	805 	1 	0.5
-456.5 	806 	0 	0.5
-383.0 	807 	1 	0.5
-480.0 	808 	0 	0.5
-286.5 	809 	1 	0.5
-407.5 	810 	0 	0.5
-490.5 	811 	1 	0.5
-269.5 	812 	1 	0.5
-264.0 	813 	1 	0.5
-391.5 	814 	1 	0.5
-303.0 	815 	1 	0.5
-401.0 	816 	0 	0.5
-382.5 	817 	0 	0.5
-458.5 	818 	0 	0.5
-436.5 	819 	0 	0.5
-278.0 	820 	1 	0.5
-474.5 	821 	1 	0.5
-298.0 	822 	1 	0.5
-453.5 	823 	0 	0.5
-237.5 	824 	1 	0.5
-458.0 	825 	1 	0.5
-494.5 	826 	0 	0.5
-337.0 	827 	1 	0.5
-272.5 	828 	1 	0.5
-488.5 	829 	0 	0.5
-201.0 	830 	1 	0.5
-445.0 	831 	1 	0.5
-513.0 	832 	0 	0.5
-236.5 	833 	1 	0.5
-498.5 	834 	1 	0.5
-440.5 	835 	0 	0.5
-247.5 	836 	1 	0.5
-530.5 	837 	0 	0.5
-330.5 	838 	1 	0.5
-334.5 	839 	1 	0.5
-453.5 	840 	0 	0.5
-177.5 	841 	1 	0.5
-263.5 	842 	1 	0.5
-354.0 	843 	1 	0.5
-127.0 	844 	1 	0.5
-593.5 	845 	0 	0.5
-303.0 	846 	1 	0.5
-252.5 	847 	1 	0.5
-346.0 	848 	1 	0.5
-466.5 	849 	1 	0.5
-367.5 	850 	0 	0.5
-361.0 	851 	1 	0.5
-396.0 	852 	1 	0.5
-284.5 	853 	1 	0.5
-456.5 	854 	0 	0.5
-477.5 	855 	0 	0.5
-444.4999999999994 	856 	0 	0.5
-411.0 	857 	0 	0.5
-398.0 	858 	1 	0.5
-497.5 	859 	0 	0.5
-393.5 	860 	1 	0.5
-350.0 	861 	1 	0.5
-466.0 	862 	0 	0.5
-578.2499999999998 	863 	0 	0.5
-304.5 	864 	1 	0.5
-350.5 	865 	1 	0.5
-324.0 	866 	1 	0.5
-453.0 	867 	0 	0.5
-410.5 	868 	1 	0.5
-396.5 	869 	1 	0.5
-327.5 	870 	1 	0.5
-518.5 	871 	0 	0.5
-438.2500000000007 	872 	0 	0.5
-234.5 	873 	1 	0.5
-307.5 	874 	1 	0.5
-239.0 	875 	1 	0.5
-397.0 	876 	1 	0.5
-366.0 	877 	1 	0.5
-188.0 	878 	1 	0.5
-423.5 	879 	0 	0.5
-342.5 	880 	1 	0.5
-453.5 	881 	0 	0.5
-292.0 	882 	1 	0.5
-398.5 	883 	0 	0.5
-399.0 	884 	1 	0.5
-579.0 	885 	0 	0.5
-415.5 	886 	0 	0.5
-292.0 	887 	0 	0.5
-508.5 	888 	0 	0.5
-376.30000000000007 	889 	0 	0.5
-230.5 	890 	1 	0.5
-576.8999999999999 	891 	0 	0.5
-502.5 	892 	0 	0.5
-484.5 	893 	0 	0.5
-491.5 	894 	0 	0.5
-424.0 	895 	1 	0.5
-498.0 	896 	0 	0.5
-194.0 	897 	1 	0.5
-382.0 	898 	0 	0.5
-384.5 	899 	0 	0.5
-425.0 	900 	0 	0.5
-295.0 	901 	1 	0.5
-333.5 	902 	1 	0.5
-470.7499999999988 	903 	0 	0.5
-209.0 	904 	1 	0.5
-265.0 	905 	1 	0.5
-305.5 	906 	1 	0.5
-398.9 	907 	1 	0.5
-305.0 	908 	1 	0.5
-396.70000000000005 	909 	1 	0.5
-481.0 	910 	0 	0.5
-444.5 	911 	0 	0.5
-345.5 	912 	1 	0.5
-456.0 	913 	0 	0.5
-369.0 	914 	0 	0.5
-496.5 	915 	1 	0.5
-364.5 	916 	1 	0.5
-206.0 	917 	1 	0.5
-385.0 	918 	0 	0.5
-416.5 	919 	0 	0.5
-419.5 	920 	0 	0.5
-422.0 	921 	0 	0.5
-417.5 	922 	0 	0.5
-488.0 	923 	1 	0.5
-276.0 	924 	1 	0.5
-491.5 	925 	0 	0.5
-415.0 	926 	1 	0.5
-421.0000000000001 	927 	0 	0.5
-345.0 	928 	1 	0.5
-212.0 	929 	1 	0.5
-427.0 	930 	0 	0.5
-419.80000000000035 	931 	0 	0.5
-151.0 	932 	1 	0.5
-438.5 	933 	1 	0.5
-118.0 	934 	1 	0.5
-458.5 	935 	0 	0.5
-348.5 	936 	1 	0.5
-462.5 	937 	0 	0.5
-286.5 	938 	1 	0.5
-508.5 	939 	1 	0.5
-368.0 	940 	1 	0.5
-443.5 	941 	0 	0.5
-248.0 	942 	1 	0.5
-563.5 	943 	0 	0.5
-545.5000000000001 	944 	0 	0.5
-394.0 	945 	1 	0.5
-327.5 	946 	1 	0.5
-489.5 	947 	1 	0.5
-565.0 	948 	0 	0.5
-396.0 	949 	1 	0.5
-402.0 	950 	0 	0.5
-231.5 	951 	1 	0.5
-381.0 	952 	1 	0.5
-377.0 	953 	0 	0.5
-400.00000000000006 	954 	0 	0.5
-193.0 	955 	1 	0.5
-539.5 	956 	0 	0.5
-65.5 	957 	1 	0.5
-361.0 	958 	0 	0.5
-386.5 	959 	0 	0.5
-407.699999999995 	960 	0 	0.5
-327.0 	961 	1 	0.5
-386.2 	962 	1 	0.5
-304.0 	963 	1 	0.5
-341.5 	964 	1 	0.5
-408.5 	965 	0 	0.5
-229.0 	966 	1 	0.5
-349.0 	967 	1 	0.5
-379.5 	968 	0 	0.5
-443.5 	969 	0 	0.5
-194.0 	970 	1 	0.5
-383.0 	971 	0 	0.5
-227.5 	972 	1 	0.5
-417.0 	973 	0 	0.5
-584.5 	974 	0 	0.5
-407.0 	975 	0 	0.5
-262.0 	976 	1 	0.5
-499.0 	977 	0 	0.5
-328.0 	978 	0 	0.5
-430.5 	979 	0 	0.5
-403.7500000000002 	980 	0 	0.5
-175.0 	981 	1 	0.5
-312.5 	982 	1 	0.5
-250.0 	983 	1 	0.5
-184.5 	984 	1 	0.5
-392.5 	985 	0 	0.5
-400.5 	986 	1 	0.5
-318.5 	987 	1 	0.5
-142.5 	988 	1 	0.5
-376.5 	989 	0 	0.5
-334.0 	990 	0 	0.5
-392.0 	991 	0 	0.5
-389.5 	992 	1 	0.5
-507.5 	993 	0 	0.5
-396.3000000000001 	994 	1 	0.5
-337.5 	995 	1 	0.5
-284.5 	996 	1 	0.5
-367.0 	997 	1 	0.5
-366.5 	998 	0 	0.5
-376.5 	999 	0 	0.5
-179.0 	1000 	1 	0.5
-426.25 	1001 	0 	0.5
-543.5 	1002 	1 	0.5
-499.5 	1003 	0 	0.5
-342.0 	1004 	0 	0.5
-528.0 	1005 	0 	0.5
-397.5 	1006 	0 	0.5
-499.5 	1007 	1 	0.5
-384.0 	1008 	1 	0.5
-434.0 	1009 	1 	0.5
-378.0 	1010 	1 	0.5
-346.0 	1011 	1 	0.5
-399.0 	1012 	0 	0.5
-189.0 	1013 	1 	0.5
-366.0 	1014 	0 	0.5
-404.0 	1015 	0 	0.5
-540.0 	1016 	0 	0.5
-497.2499999999995 	1017 	0 	0.5
-596.5 	1018 	0 	0.5
-479.0 	1019 	0 	0.5
-321.0 	1020 	0 	0.5
-432.0 	1021 	0 	0.5
-348.0 	1022 	1 	0.5
-475.2500000000001 	1023 	0 	0.5
-207.5 	1024 	1 	0.5
-435.0 	1025 	1 	0.5
-411.5 	1026 	0 	0.5
-374.0 	1027 	1 	0.5
-380.0 	1028 	1 	0.5
-478.0 	1029 	0 	0.5
-453.5 	1030 	0 	0.5
-406.5 	1031 	1 	0.5
-517.0 	1032 	0 	0.5
-428.5 	1033 	0 	0.5
-484.0 	1034 	0 	0.5
-285.5 	1035 	1 	0.5
-465.5 	1036 	0 	0.5
-477.5 	1037 	0 	0.5
-393.0 	1038 	0 	0.5
-393.5 	1039 	0 	0.5
-208.5 	1040 	1 	0.5
-316.0 	1041 	1 	0.5
-560.0 	1042 	1 	0.5
-456.5 	1043 	0 	0.5
-406.5 	1044 	1 	0.5
-446.0 	1045 	1 	0.5
-421.5 	1046 	0 	0.5
-485.0 	1047 	0 	0.5
-523.0 	1048 	0 	0.5
-400.0 	1049 	0 	0.5
-442.5 	1050 	1 	0.5
-420.1999999999999 	1051 	1 	0.5
-671.0 	1052 	0 	0.5
-304.0 	1053 	1 	0.5
-276.5 	1054 	1 	0.5
-294.5 	1055 	1 	0.5
-479.5 	1056 	0 	0.5
-147.0 	1057 	1 	0.5
-357.5 	1058 	1 	0.5
-239.5 	1059 	1 	0.5
-245.5 	1060 	1 	0.5
-449.0 	1061 	0 	0.5
-378.5 	1062 	0 	0.5
-325.5 	1063 	1 	0.5
-421.0 	1064 	1 	0.5
-216.0 	1065 	1 	0.5
-561.5 	1066 	0 	0.5
-584.0 	1067 	0 	0.5
-432.5 	1068 	0 	0.5
-228.0 	1069 	1 	0.5
-436.0 	1070 	0 	0.5
-454.2500000000001 	1071 	0 	0.5
-489.0 	1072 	0 	0.5
-243.60000000000002 	1073 	1 	0.5
-263.5 	1074 	0 	0.5
-389.5 	1075 	0 	0.5
-143.0 	1076 	1 	0.5
-267.0 	1077 	1 	0.5
-452.0 	1078 	0 	0.5
-564.5 	1079 	0 	0.5
-436.5 	1080 	0 	0.5
-154.0 	1081 	1 	0.5
-505.75 	1082 	0 	0.5
-462.5 	1083 	0 	0.5
-656.0 	1084 	0 	0.5
-415.0 	1085 	0 	0.5
-309.5 	1086 	1 	0.5
-339.0 	1087 	0 	0.5
-505.5 	1088 	0 	0.5
-371.0 	1089 	1 	0.5
-247.5 	1090 	1 	0.5
-387.0 	1091 	0 	0.5
-379.5 	1092 	1 	0.5
-331.5 	1093 	1 	0.5
-320.9999999999984 	1094 	0 	0.5
-469.5 	1095 	0 	0.5
-324.5 	1096 	1 	0.5
-390.0 	1097 	0 	0.5
-422.0 	1098 	1 	0.5
-444.5 	1099 	0 	0.5
-297.0 	1100 	1 	0.5
-248.0 	1101 	1 	0.5
-342.5 	1102 	1 	0.5
-442.0 	1103 	0 	0.5
-346.0 	1104 	1 	0.5
-432.0 	1105 	1 	0.5
-379.5 	1106 	1 	0.5
-465.5 	1107 	0 	0.5
-410.0 	1108 	1 	0.5
-356.5 	1109 	1 	0.5
-494.5 	1110 	0 	0.5
-433.5 	1111 	0 	0.5
-386.5000000000002 	1112 	0 	0.5
-441.0 	1113 	0 	0.5
-356.5 	1114 	0 	0.5
-308.5 	1115 	1 	0.5
-515.5 	1116 	1 	0.5
-585.0 	1117 	0 	0.5
-327.7999999999985 	1118 	1 	0.5
-186.5 	1119 	1 	0.5
-572.0 	1120 	1 	0.5
-388.5 	1121 	1 	0.5
-340.0 	1122 	1 	0.5
-337.5 	1123 	1 	0.5
-530.5 	1124 	0 	0.5
-393.5 	1125 	1 	0.5
-499.75000000000057 	1126 	0 	0.5
-398.3999999999999 	1127 	0 	0.5
-309.5 	1128 	0 	0.5
-454.0 	1129 	0 	0.5
-317.4000000000001 	1130 	1 	0.5
-469.2000000000029 	1131 	0 	0.5
-381.5 	1132 	0 	0.5
-472.5 	1133 	1 	0.5
-381.5 	1134 	1 	0.5
-421.0 	1135 	1 	0.5
-112.0 	1136 	1 	0.5
-340.5 	1137 	0 	0.5
-434.5 	1138 	1 	0.5
-479.70000000000005 	1139 	0 	0.5
-358.0 	1140 	1 	0.5
-513.0 	1141 	0 	0.5
-316.0 	1142 	1 	0.5
-497.0 	1143 	0 	0.5
-419.5 	1144 	1 	0.5
-300.0 	1145 	1 	0.5
-418.0 	1146 	0 	0.5
-474.0 	1147 	0 	0.5
-440.75000000000017 	1148 	0 	0.5
-420.00000000000006 	1149 	0 	0.5
-450.5 	1150 	0 	0.5
-542.0 	1151 	0 	0.5
-379.5 	1152 	0 	0.5
-382.5 	1153 	0 	0.5
-571.0 	1154 	0 	0.5
-436.5 	1155 	0 	0.5
-207.0 	1156 	1 	0.5
-367.5 	1157 	1 	0.5
-278.5 	1158 	1 	0.5
-306.5 	1159 	1 	0.5
-433.0 	1160 	1 	0.5
-425.5 	1161 	0 	0.5
-192.5 	1162 	1 	0.5
-504.0 	1163 	0 	0.5
-318.5 	1164 	1 	0.5
-483.5 	1165 	0 	0.5
-418.0 	1166 	0 	0.5
-277.5 	1167 	1 	0.5
-413.5 	1168 	0 	0.5
-518.5 	1169 	0 	0.5
-477.5 	1170 	0 	0.5
-353.5 	1171 	1 	0.5
-115.5 	1172 	1 	0.5
-519.5 	1173 	1 	0.5
-365.0 	1174 	0 	0.5
-460.0 	1175 	0 	0.5
-519.0 	1176 	0 	0.5
-559.1000000000001 	1177 	1 	0.5
-352.5000000000001 	1178 	0 	0.5
-327.5 	1179 	1 	0.5
-465.0 	1180 	1 	0.5
-487.5 	1181 	0 	0.5
-403.5000000000002 	1182 	0 	0.5
-408.5 	1183 	0 	0.5
-369.0 	1184 	0 	0.5
-558.5 	1185 	0 	0.5
-402.5 	1186 	0 	0.5
-374.0 	1187 	1 	0.5
-477.0 	1188 	0 	0.5
-442.0 	1189 	0 	0.5
-612.0 	1190 	0 	0.5
-414.89999999999924 	1191 	1 	0.5
-479.0 	1192 	0 	0.5
-180.5 	1193 	1 	0.5
-491.0 	1194 	1 	0.5
-416.5 	1195 	1 	0.5
-422.5 	1196 	0 	0.5
-440.5 	1197 	1 	0.5
-474.5 	1198 	0 	0.5
-340.0 	1199 	0 	0.5
-410.5 	1200 	0 	0.5
-191.0 	1201 	1 	0.5
-372.0 	1202 	1 	0.5
-370.5 	1203 	0 	0.5
-241.5 	1204 	1 	0.5
-478.0000000000003 	1205 	0 	0.5
-206.5 	1206 	1 	0.5
-239.0 	1207 	1 	0.5
-561.5 	1208 	0 	0.5
-190.0 	1209 	1 	0.5
-441.0 	1210 	0 	0.5
-401.0 	1211 	1 	0.5
-429.5 	1212 	0 	0.5
-262.5 	1213 	1 	0.5
-272.00000000000006 	1214 	1 	0.5
-493.0 	1215 	0 	0.5
-348.5 	1216 	1 	0.5
-555.5 	1217 	0 	0.5
-359.5 	1218 	1 	0.5
-321.5 	1219 	1 	0.5
-480.5 	1220 	0 	0.5
-367.5 	1221 	0 	0.5
-283.5 	1222 	1 	0.5
-436.5 	1223 	0 	0.5
-380.0 	1224 	1 	0.5
-373.0 	1225 	0 	0.5
-468.5 	1226 	0 	0.5
-323.0 	1227 	1 	0.5
-365.0 	1228 	0 	0.5
-408.0 	1229 	0 	0.5
-406.0 	1230 	0 	0.5
-322.0 	1231 	1 	0.5
-332.5 	1232 	0 	0.5
-340.5 	1233 	1 	0.5
-134.5 	1234 	1 	0.5
-460.0 	1235 	0 	0.5
-413.0 	1236 	1 	0.5
-390.5 	1237 	1 	0.5
-244.0 	1238 	1 	0.5
-409.5 	1239 	1 	0.5
-437.0 	1240 	1 	0.5
-426.0 	1241 	0 	0.5
-498.0 	1242 	0 	0.5
-508.5 	1243 	0 	0.5
-172.0 	1244 	1 	0.5
-462.5 	1245 	0 	0.5
-453.5 	1246 	1 	0.5
-350.1 	1247 	1 	0.5
-447.0 	1248 	0 	0.5
-460.20000000000005 	1249 	1 	0.5
-298.5 	1250 	1 	0.5
-348.5 	1251 	0 	0.5
-428.0 	1252 	0 	0.5
-379.5 	1253 	1 	0.5
-155.5 	1254 	1 	0.5
-458.0 	1255 	0 	0.5
-192.0 	1256 	1 	0.5
-239.0 	1257 	1 	0.5
-467.75000000000006 	1258 	0 	0.5
-430.5 	1259 	0 	0.5
-438.50000000000284 	1260 	0 	0.5
-296.0 	1261 	1 	0.5
-145.0 	1262 	1 	0.5
-437.0 	1263 	1 	0.5
-388.5 	1264 	1 	0.5
-367.0 	1265 	1 	0.5
-248.0 	1266 	1 	0.5
-216.5 	1267 	1 	0.5
-234.0 	1268 	1 	0.5
-567.0 	1269 	1 	0.5
-381.5 	1270 	0 	0.5
-372.0 	1271 	1 	0.5
-386.5 	1272 	1 	0.5
-345.5 	1273 	1 	0.5
-379.50000000000006 	1274 	0 	0.5
-435.5 	1275 	1 	0.5
-306.5 	1276 	1 	0.5
-359.5 	1277 	1 	0.5
-445.5 	1278 	0 	0.5
-455.5 	1279 	0 	0.5
-495.74999999999886 	1280 	0 	0.5
-447.79999999999995 	1281 	0 	0.5
-304.0 	1282 	0 	0.5
-404.5 	1283 	0 	0.5
-465.5 	1284 	0 	0.5
-429.5 	1285 	0 	0.5
-230.0 	1286 	1 	0.5
-157.5 	1287 	1 	0.5
-460.5 	1288 	0 	0.5
-402.5 	1289 	1 	0.5
-268.5 	1290 	1 	0.5
-371.0 	1291 	0 	0.5
-324.0 	1292 	0 	0.5
-370.0 	1293 	0 	0.5
-203.5 	1294 	1 	0.5
-451.5 	1295 	0 	0.5
-239.0 	1296 	1 	0.5
-139.5 	1297 	1 	0.5
-233.0 	1298 	1 	0.5
-380.5 	1299 	0 	0.5
-403.5 	1300 	0 	0.5
-315.5 	1301 	1 	0.5
-529.0 	1302 	0 	0.5
-193.0 	1303 	1 	0.5
-494.0 	1304 	0 	0.5
-433.0 	1305 	0 	0.5
-391.0 	1306 	0 	0.5
-544.0 	1307 	0 	0.5
-364.0 	1308 	0 	0.5
-470.0 	1309 	0 	0.5
-272.5 	1310 	1 	0.5
-247.5 	1311 	1 	0.5
-261.0 	1312 	1 	0.5
-270.0 	1313 	0 	0.5
-501.0 	1314 	0 	0.5
-472.0 	1315 	1 	0.5
-264.0 	1316 	1 	0.5
-169.5 	1317 	1 	0.5
-505.0 	1318 	0 	0.5
-339.0 	1319 	1 	0.5
-207.0 	1320 	1 	0.5
-391.5 	1321 	0 	0.5
-270.0 	1322 	0 	0.5
-278.99999999999966 	1323 	1 	0.5
-349.0 	1324 	1 	0.5
-238.5 	1325 	1 	0.5
-237.0 	1326 	1 	0.5
-466.5 	1327 	1 	0.5
-361.0 	1328 	1 	0.5
-325.5 	1329 	1 	0.5
-578.5 	1330 	1 	0.5
-492.0 	1331 	0 	0.5
-268.5 	1332 	1 	0.5
-522.0 	1333 	0 	0.5
-483.2500000000005 	1334 	0 	0.5
-398.5 	1335 	0 	0.5
-368.5 	1336 	0 	0.5
-405.5 	1337 	1 	0.5
-538.0 	1338 	0 	0.5
-417.0 	1339 	0 	0.5
-439.5 	1340 	0 	0.5
-293.0 	1341 	1 	0.5
-384.5 	1342 	0 	0.5
-329.0 	1343 	1 	0.5
-354.7999999999999 	1344 	1 	0.5
-339.5 	1345 	1 	0.5
-347.5 	1346 	0 	0.5
-266.5 	1347 	1 	0.5
-459.5 	1348 	0 	0.5
-311.0 	1349 	1 	0.5
-466.5 	1350 	1 	0.5
-378.0 	1351 	1 	0.5
-220.0 	1352 	1 	0.5
-328.0 	1353 	1 	0.5
-284.0 	1354 	1 	0.5
-444.5 	1355 	1 	0.5
-495.0 	1356 	0 	0.5
-410.5 	1357 	0 	0.5
-503.0 	1358 	0 	0.5
-365.0 	1359 	1 	0.5
-436.0 	1360 	0 	0.5
-381.5 	1361 	1 	0.5
-332.0 	1362 	1 	0.5
-442.0 	1363 	0 	0.5
-389.0 	1364 	1 	0.5
-519.5 	1365 	0 	0.5
-367.0 	1366 	0 	0.5
-426.0 	1367 	0 	0.5
-512.0 	1368 	0 	0.5
-408.5 	1369 	0 	0.5
-288.5 	1370 	0 	0.5
-393.5 	1371 	1 	0.5
-174.5 	1372 	1 	0.5
-363.0 	1373 	1 	0.5
-375.5 	1374 	0 	0.5
-454.5 	1375 	0 	0.5
-430.5 	1376 	1 	0.5
-375.0 	1377 	1 	0.5
-371.0 	1378 	0 	0.5
-406.0 	1379 	1 	0.5
-451.6 	1380 	1 	0.5
-458.0 	1381 	0 	0.5
-289.0 	1382 	0 	0.5
-225.0 	1383 	1 	0.5
-323.0 	1384 	0 	0.5
-464.0 	1385 	0 	0.5
-364.5 	1386 	0 	0.5
-274.5 	1387 	0 	0.5
-415.5 	1388 	1 	0.5
-487.5 	1389 	0 	0.5
-248.0 	1390 	1 	0.5
-366.5 	1391 	1 	0.5
-345.0 	1392 	0 	0.5
-383.5 	1393 	0 	0.5
-430.0 	1394 	0 	0.5
-256.5 	1395 	1 	0.5
-419.5 	1396 	0 	0.5
-253.0 	1397 	1 	0.5
-454.5 	1398 	0 	0.5
-502.0 	1399 	0 	0.5
-349.0 	1400 	1 	0.5
-425.0 	1401 	0 	0.5
-436.5 	1402 	0 	0.5
-373.0 	1403 	1 	0.5
-384.5 	1404 	0 	0.5
-373.5999999999973 	1405 	0 	0.5
-409.0 	1406 	0 	0.5
-381.0 	1407 	0 	0.5
-337.5 	1408 	1 	0.5
-333.0 	1409 	0 	0.5
-491.0 	1410 	0 	0.5
-334.0 	1411 	1 	0.5
-490.5 	1412 	0 	0.5
-418.5 	1413 	1 	0.5
-426.00000000000017 	1414 	0 	0.5
-459.9000000000001 	1415 	0 	0.5
-415.5 	1416 	0 	0.5
-348.5 	1417 	1 	0.5
-398.5 	1418 	0 	0.5
-500.5 	1419 	0 	0.5
-405.5000000000008 	1420 	0 	0.5
-509.0 	1421 	0 	0.5
-443.0 	1422 	0 	0.5
-304.5 	1423 	1 	0.5
-524.0 	1424 	0 	0.5
-345.59999999999997 	1425 	1 	0.5
-402.0 	1426 	0 	0.5
-527.0 	1427 	1 	0.5
-307.0 	1428 	1 	0.5
-472.25000000000006 	1429 	0 	0.5
-409.5 	1430 	0 	0.5
-459.5 	1431 	0 	0.5
-125.0 	1432 	1 	0.5
-512.6 	1433 	0 	0.5
-399.0 	1434 	0 	0.5
-313.5 	1435 	1 	0.5
-512.7500000000001 	1436 	0 	0.5
-340.0 	1437 	1 	0.5
-414.0 	1438 	1 	0.5
-530.2500000000015 	1439 	0 	0.5
-453.0000000000001 	1440 	0 	0.5
-378.0 	1441 	1 	0.5
-485.5 	1442 	0 	0.5
-461.0 	1443 	0 	0.5
-465.5 	1444 	0 	0.5
-591.0 	1445 	0 	0.5
-229.0 	1446 	1 	0.5
-181.5 	1447 	1 	0.5
-342.0 	1448 	1 	0.5
-487.0 	1449 	0 	0.5
-531.0 	1450 	0 	0.5
-345.5 	1451 	1 	0.5
-233.5 	1452 	1 	0.5
-346.5 	1453 	0 	0.5
-419.50000000000017 	1454 	0 	0.5
-600.5 	1455 	0 	0.5
-283.5 	1456 	1 	0.5
-110.0 	1457 	1 	0.5
-323.5 	1458 	0 	0.5
-515.0 	1459 	0 	0.5
-426.0 	1460 	0 	0.5
-346.5 	1461 	1 	0.5
-562.5 	1462 	0 	0.5
-448.5 	1463 	0 	0.5
-518.0 	1464 	0 	0.5
-541.0 	1465 	0 	0.5
-515.0 	1466 	0 	0.5
-553.5 	1467 	0 	0.5
-371.5 	1468 	0 	0.5
-250.5 	1469 	1 	0.5
-400.5 	1470 	0 	0.5
-421.0 	1471 	0 	0.5
-238.0 	1472 	1 	0.5
-207.0 	1473 	1 	0.5
-421.5 	1474 	0 	0.5
-365.0 	1475 	1 	0.5
-391.5 	1476 	0 	0.5
-438.0 	1477 	0 	0.5
-280.0 	1478 	0 	0.5
-402.5 	1479 	0 	0.5
-371.5 	1480 	0 	0.5
-502.5 	1481 	1 	0.5
-449.0 	1482 	0 	0.5
-417.5000000000001 	1483 	0 	0.5
-335.30000000000007 	1484 	1 	0.5
-194.5 	1485 	1 	0.5
-463.5 	1486 	1 	0.5
-294.5 	1487 	0 	0.5
-382.0 	1488 	0 	0.5
-358.5 	1489 	1 	0.5
-449.5 	1490 	1 	0.5
-407.0 	1491 	0 	0.5
-409.0 	1492 	1 	0.5
-476.5 	1493 	0 	0.5
-317.5 	1494 	1 	0.5
-542.0 	1495 	1 	0.5
-444.5 	1496 	0 	0.5
-326.5 	1497 	1 	0.5
-429.5 	1498 	0 	0.5
-241.0 	1499 	1 	0.5
-363.50000000000006 	1500 	0 	0.5
-508.5 	1501 	0 	0.5
-396.5 	1502 	0 	0.5
-489.0 	1503 	0 	0.5
-317.0 	1504 	1 	0.5
-348.5 	1505 	1 	0.5
-285.5 	1506 	1 	0.5
-507.5 	1507 	0 	0.5
-85.0 	1508 	1 	0.5
-454.69999999999953 	1509 	1 	0.5
-440.0 	1510 	0 	0.5
-321.0 	1511 	1 	0.5
-352.0 	1512 	1 	0.5
-377.5 	1513 	1 	0.5
-467.5 	1514 	0 	0.5
-512.0 	1515 	0 	0.5
-415.0 	1516 	1 	0.5
-357.5 	1517 	1 	0.5
-470.0 	1518 	1 	0.5
-389.5 	1519 	1 	0.5
-371.0 	1520 	1 	0.5
-331.5 	1521 	0 	0.5
-423.5 	1522 	0 	0.5
-434.5 	1523 	0 	0.5
-564.0 	1524 	0 	0.5
-101.5 	1525 	1 	0.5
-344.5 	1526 	1 	0.5
-282.5 	1527 	1 	0.5
-430.5 	1528 	0 	0.5
-497.5 	1529 	0 	0.5
-441.5 	1530 	0 	0.5
-339.0 	1531 	1 	0.5
-452.0 	1532 	0 	0.5
-359.0 	1533 	0 	0.5
-489.0 	1534 	0 	0.5
-493.5 	1535 	0 	0.5
-378.5 	1536 	0 	0.5
-427.0 	1537 	1 	0.5
-493.5 	1538 	1 	0.5
-391.0 	1538 	0 	0.5
-363.5 	1539 	0 	0.5
-90.0 	1540 	1 	0.5
-270.5 	1541 	0 	0.5
-206.0 	1542 	1 	0.5
-371.0 	1543 	1 	0.5
-374.00000000000017 	1544 	1 	0.5
-442.5 	1545 	0 	0.5
-393.0 	1546 	0 	0.5
-356.0 	1547 	1 	0.5
-418.1999999999989 	1548 	0 	0.5
-458.5 	1549 	0 	0.5
-381.0 	1550 	0 	0.5
-356.5 	1551 	1 	0.5
-520.0 	1552 	0 	0.5
-479.5 	1553 	0 	0.5
-253.5 	1554 	1 	0.5
-449.5 	1555 	0 	0.5
-398.0 	1556 	0 	0.5
-359.0 	1557 	0 	0.5
-502.0 	1558 	0 	0.5
-461.5 	1559 	1 	0.5
-205.0 	1560 	1 	0.5
-395.49999999999994 	1561 	0 	0.5
-378.5 	1562 	0 	0.5
-404.0 	1563 	0 	0.5
-404.50000000000006 	1564 	0 	0.5
-309.0 	1565 	1 	0.5
-372.0 	1566 	0 	0.5
-464.5 	1567 	0 	0.5
-379.5 	1568 	1 	0.5
-379.0 	1569 	1 	0.5
-293.6999999999993 	1570 	1 	0.5
-301.40000000001163 	1571 	1 	0.5
-451.0 	1572 	0 	0.5
-379.5 	1573 	0 	0.5
-126.5 	1574 	1 	0.5
-274.5 	1575 	1 	0.5
-268.0 	1576 	1 	0.5
-396.9000000000001 	1577 	0 	0.5
-395.5 	1578 	0 	0.5
-496.0 	1579 	1 	0.5
-524.0 	1580 	0 	0.5
-460.5 	1581 	1 	0.5
-509.5 	1582 	0 	0.5
-384.0 	1583 	0 	0.5
-319.5 	1584 	1 	0.5
-416.5 	1585 	0 	0.5
-198.0 	1586 	0 	0.5
-379.5 	1587 	1 	0.5
-303.5 	1588 	0 	0.5
-407.5 	1589 	1 	0.5
-422.5 	1590 	0 	0.5
-426.5 	1591 	0 	0.5
-281.0 	1592 	1 	0.5
-642.0 	1593 	0 	0.5
-361.0 	1594 	0 	0.5
-423.20000000000005 	1595 	0 	0.5
-441.0 	1596 	0 	0.5
-377.5 	1597 	1 	0.5
-342.5 	1598 	1 	0.5
-490.0 	1599 	0 	0.5
-224.5 	1600 	1 	0.5
-167.0 	1601 	1 	0.5
-362.0 	1602 	0 	0.5
-409.2500000000026 	1603 	0 	0.5
-524.5 	1604 	1 	0.5
-437.5 	1605 	0 	0.5
-284.5 	1606 	1 	0.5
-376.0 	1607 	1 	0.5
-194.5 	1608 	1 	0.5
-378.5 	1609 	0 	0.5
-287.5 	1610 	1 	0.5
-489.5 	1611 	1 	0.5
-333.0 	1612 	0 	0.5
-345.0 	1613 	1 	0.5
-422.5 	1614 	0 	0.5
-467.0 	1615 	1 	0.5
-217.0 	1616 	1 	0.5
-377.5 	1617 	1 	0.5
-364.0 	1618 	1 	0.5
-397.9999999999999 	1619 	0 	0.5
-356.5 	1620 	1 	0.5
-472.5 	1621 	0 	0.5
-437.5 	1622 	0 	0.5
-429.5 	1623 	1 	0.5
-272.0 	1624 	0 	0.5
-215.5 	1625 	1 	0.5
-270.0 	1626 	1 	0.5
-459.5 	1627 	1 	0.5
-303.5 	1628 	1 	0.5
-376.0 	1629 	0 	0.5
-430.0 	1630 	1 	0.5
-365.0 	1631 	0 	0.5
-485.5 	1632 	0 	0.5
-487.0 	1633 	1 	0.5
-371.0 	1634 	0 	0.5
-330.5 	1635 	1 	0.5
-459.0 	1636 	0 	0.5
-325.5 	1637 	1 	0.5
-312.5 	1638 	0 	0.5
-279.0 	1639 	1 	0.5
-449.25 	1640 	0 	0.5
-354.5 	1641 	0 	0.5
-191.0 	1642 	1 	0.5
-440.5 	1643 	1 	0.5
-420.0 	1644 	1 	0.5
-414.5 	1645 	0 	0.5
-485.5 	1646 	0 	0.5
-424.5 	1647 	0 	0.5
-439.0 	1648 	1 	0.5
-522.0 	1649 	0 	0.5
-461.5 	1650 	0 	0.5
-291.0 	1651 	1 	0.5
-537.0 	1652 	0 	0.5
-503.0000000000001 	1653 	0 	0.5
-452.99999999999994 	1654 	0 	0.5
-585.5 	1655 	0 	0.5
-159.5 	1656 	1 	0.5
-307.5 	1657 	1 	0.5
-380.0 	1658 	0 	0.5
-388.0 	1659 	0 	0.5
-434.5 	1660 	0 	0.5
-470.0 	1661 	1 	0.5
-360.0 	1662 	1 	0.5
-578.0 	1663 	0 	0.5
-474.0 	1664 	0 	0.5
-457.0 	1665 	0 	0.5
-490.0 	1666 	0 	0.5
-458.5 	1667 	0 	0.5
-454.0 	1668 	0 	0.5
-490.0 	1669 	1 	0.5
-453.5 	1670 	0 	0.5
-349.0 	1671 	1 	0.5
-442.9999999999981 	1672 	0 	0.5
-329.0 	1673 	0 	0.5
-440.9 	1674 	1 	0.5
-305.5 	1675 	1 	0.5
-368.0 	1676 	1 	0.5
-378.0 	1677 	1 	0.5
-376.5 	1678 	0 	0.5
-350.0 	1679 	1 	0.5
-411.0 	1680 	1 	0.5
-462.0 	1681 	0 	0.5
-193.0 	1682 	1 	0.5
-463.5 	1683 	0 	0.5
-307.0 	1684 	1 	0.5
-263.5 	1685 	1 	0.5
-441.0 	1686 	0 	0.5
-475.99999999999955 	1687 	0 	0.5
-373.0 	1688 	1 	0.5
-369.0 	1689 	1 	0.5
-532.5 	1690 	0 	0.5
-407.0 	1691 	0 	0.5
-471.0 	1692 	1 	0.5
-454.2500000000065 	1693 	0 	0.5
-362.5000000000002 	1694 	0 	0.5
-234.5 	1695 	1 	0.5
-302.5 	1696 	1 	0.5
-430.5 	1697 	1 	0.5
-323.0 	1698 	1 	0.5
-481.5 	1699 	0 	0.5
-385.5 	1700 	0 	0.5
-415.5 	1701 	0 	0.5
-513.5 	1702 	1 	0.5
-286.0 	1703 	1 	0.5
-503.5 	1704 	1 	0.5
-380.0 	1705 	0 	0.5
-239.0 	1706 	1 	0.5
-211.5 	1707 	1 	0.5
-199.0 	1708 	1 	0.5
-388.5 	1709 	1 	0.5
-394.0 	1710 	1 	0.5
-304.5 	1711 	1 	0.5
-451.5 	1712 	0 	0.5
-287.0 	1713 	1 	0.5
-456.0 	1714 	0 	0.5
-366.0 	1715 	0 	0.5
-422.5 	1716 	0 	0.5
-437.0 	1717 	0 	0.5
-186.5 	1718 	1 	0.5
-335.0 	1719 	1 	0.5
-444.0 	1720 	0 	0.5
-483.0 	1721 	0 	0.5
-249.0 	1722 	1 	0.5
-466.0 	1723 	1 	0.5
-466.0 	1723 	0 	0.5
-422.0 	1724 	0 	0.5
-334.5 	1725 	1 	0.5
-591.0 	1726 	0 	0.5
-428.5 	1727 	0 	0.5
-338.5 	1728 	1 	0.5
-313.0 	1729 	1 	0.5
-415.5 	1730 	1 	0.5
-432.5 	1731 	1 	0.5
-232.0 	1732 	1 	0.5
-478.5 	1733 	0 	0.5
-378.5 	1734 	0 	0.5
-527.0 	1735 	0 	0.5
-504.0 	1736 	0 	0.5
-357.0 	1737 	1 	0.5
-378.0 	1738 	1 	0.5
-438.749999999999 	1739 	0 	0.5
-332.5 	1740 	1 	0.5
-231.0 	1741 	1 	0.5
-447.5 	1742 	0 	0.5
-460.7500000000006 	1743 	0 	0.5
-495.5 	1744 	0 	0.5
-423.0 	1745 	1 	0.5
-424.5 	1746 	1 	0.5
-285.0 	1747 	1 	0.5
-367.5 	1748 	0 	0.5
-174.5 	1749 	1 	0.5
-388.5 	1750 	1 	0.5
-362.5 	1751 	1 	0.5
-418.5 	1752 	1 	0.5
-433.0 	1753 	0 	0.5
-393.5 	1754 	1 	0.5
-356.5 	1755 	1 	0.5
-223.5 	1756 	1 	0.5
-410.0 	1757 	0 	0.5
-278.5 	1758 	1 	0.5
-246.5 	1759 	1 	0.5
-429.5 	1760 	0 	0.5
-430.0000000000002 	1761 	0 	0.5
-422.0 	1762 	0 	0.5
-280.0 	1763 	1 	0.5
-181.0 	1764 	1 	0.5
-360.5 	1765 	0 	0.5
-353.5 	1766 	1 	0.5
-380.5 	1767 	1 	0.5
-446.5 	1768 	1 	0.5
-381.0 	1769 	0 	0.5
-346.5 	1770 	0 	0.5
-358.5 	1771 	1 	0.5
-507.5 	1772 	1 	0.5
-250.0 	1773 	1 	0.5
-271.0 	1774 	1 	0.5
-280.5 	1775 	1 	0.5
-554.0 	1776 	1 	0.5
-415.5999999999994 	1777 	1 	0.5
-410.5 	1778 	0 	0.5
-459.0 	1779 	0 	0.5
-426.0 	1780 	0 	0.5
-478.0 	1781 	0 	0.5
-330.5 	1782 	0 	0.5
-329.5 	1783 	1 	0.5
-302.0 	1784 	1 	0.5
-458.5999999999999 	1785 	1 	0.5
-511.5 	1786 	0 	0.5
-397.5 	1787 	0 	0.5
-351.0 	1788 	0 	0.5
-227.0 	1789 	1 	0.5
-424.5 	1790 	0 	0.5
-450.0 	1791 	1 	0.5
-177.5 	1792 	1 	0.5
-432.5 	1793 	0 	0.5
-256.5 	1794 	1 	0.5
-335.5 	1795 	1 	0.5
-263.5 	1796 	1 	0.5
-369.0 	1797 	0 	0.5
-557.5 	1798 	0 	0.5
-376.5 	1799 	1 	0.5
-423.0 	1800 	1 	0.5
-222.0 	1801 	1 	0.5
-421.5 	1802 	0 	0.5
-471.0 	1803 	0 	0.5
-544.0 	1804 	0 	0.5
-319.5 	1805 	1 	0.5
-356.9000000000002 	1806 	1 	0.5
-447.0 	1807 	0 	0.5
-360.0 	1808 	1 	0.5
-555.5 	1809 	1 	0.5
-427.0 	1810 	0 	0.5
-339.0 	1811 	1 	0.5
-431.5 	1812 	0 	0.5
-480.5 	1813 	0 	0.5
-511.0 	1814 	0 	0.5
-189.0 	1815 	1 	0.5
-385.0 	1816 	0 	0.5
-470.5 	1817 	0 	0.5
-301.5 	1818 	1 	0.5
-447.0 	1819 	0 	0.5
-228.5 	1820 	1 	0.5
-361.5 	1821 	1 	0.5
-338.5 	1822 	1 	0.5
-323.40000000000003 	1823 	0 	0.5
-386.0 	1824 	0 	0.5
-558.2999999999998 	1825 	0 	0.5
-432.0 	1826 	0 	0.5
-386.5 	1827 	0 	0.5
-551.0 	1828 	0 	0.5
-309.0 	1829 	1 	0.5
-435.0 	1830 	0 	0.5
-468.4999999999999 	1831 	0 	0.5
-317.0 	1832 	1 	0.5
-255.0 	1833 	1 	0.5
-494.5 	1834 	0 	0.5
-181.0 	1835 	1 	0.5
-425.5 	1836 	0 	0.5
-215.5 	1837 	1 	0.5
-462.5 	1838 	0 	0.5
-336.0 	1839 	1 	0.5
-429.0 	1840 	1 	0.5
-395.0 	1841 	0 	0.5
-310.0 	1842 	1 	0.5
-245.5 	1843 	1 	0.5
-453.5 	1844 	0 	0.5
-405.5 	1845 	0 	0.5
-361.5 	1846 	0 	0.5
-440.0 	1847 	0 	0.5
-207.5 	1848 	1 	0.5
-327.5 	1849 	0 	0.5
-523.5 	1850 	0 	0.5
-337.0 	1851 	1 	0.5
-226.0 	1852 	1 	0.5
-486.0 	1853 	0 	0.5
-389.0 	1854 	1 	0.5
-333.0 	1855 	0 	0.5
-406.5 	1856 	0 	0.5
-308.5 	1857 	0 	0.5
-304.0 	1858 	1 	0.5
-466.0 	1859 	0 	0.5
-344.5 	1860 	0 	0.5
-455.5 	1861 	0 	0.5
-525.0 	1862 	1 	0.5
-360.0 	1863 	0 	0.5
-381.0 	1864 	1 	0.5
-491.5 	1865 	0 	0.5
-524.6000000000001 	1866 	0 	0.5
-470.0 	1867 	0 	0.5
-527.0 	1868 	0 	0.5
-475.5 	1869 	0 	0.5
-213.0 	1870 	1 	0.5
-566.0 	1871 	0 	0.5
-308.0 	1872 	1 	0.5
-249.0 	1873 	1 	0.5
-210.5 	1874 	1 	0.5
-307.5 	1875 	1 	0.5
-587.5 	1876 	0 	0.5
-403.2499999999983 	1877 	0 	0.5
-477.0 	1878 	0 	0.5
-509.0 	1879 	0 	0.5
-294.0 	1880 	1 	0.5
-228.5 	1881 	1 	0.5
-432.5 	1882 	1 	0.5
-343.5 	1883 	0 	0.5
-323.0 	1884 	1 	0.5
-167.0 	1885 	1 	0.5
-475.5 	1886 	0 	0.5
-226.0 	1887 	1 	0.5
-265.5 	1888 	1 	0.5
-292.0 	1889 	1 	0.5
-295.3000000000002 	1890 	1 	0.5
-412.5 	1891 	0 	0.5
-330.7499999999977 	1892 	0 	0.5
-230.0 	1893 	1 	0.5
-334.5000000000001 	1894 	1 	0.5
-380.70000000000005 	1895 	1 	0.5
-482.0 	1896 	0 	0.5
-413.0 	1897 	0 	0.5
-475.5 	1898 	0 	0.5
-288.5 	1899 	1 	0.5
-644.2500000000002 	1900 	0 	0.5
-590.0 	1901 	0 	0.5
-374.00000000000006 	1902 	0 	0.5
-471.74999999999875 	1903 	0 	0.5
-475.0 	1904 	0 	0.5
-441.0 	1905 	0 	0.5
-459.0 	1906 	1 	0.5
-334.5 	1907 	1 	0.5
-274.5 	1908 	1 	0.5
-407.5 	1909 	1 	0.5
-437.0 	1910 	1 	0.5
-470.0 	1911 	0 	0.5
-270.0 	1912 	1 	0.5
-507.5 	1913 	1 	0.5
-159.5 	1914 	1 	0.5
-408.5 	1915 	0 	0.5
-319.5 	1916 	1 	0.5
-455.9000000000035 	1917 	0 	0.5
-522.5 	1918 	1 	0.5
-293.5 	1919 	1 	0.5
-411.0 	1920 	0 	0.5
-383.0 	1921 	1 	0.5
-455.5000000000001 	1922 	0 	0.5
-403.7499999999992 	1923 	0 	0.5
-280.6000000000001 	1924 	1 	0.5
-333.5 	1925 	0 	0.5
-541.5 	1926 	1 	0.5
-440.5 	1927 	0 	0.5
-429.0 	1928 	1 	0.5
-392.0 	1929 	1 	0.5
-285.5 	1930 	1 	0.5
-387.0 	1931 	1 	0.5
-378.0 	1932 	1 	0.5
-390.5 	1933 	0 	0.5
-423.5 	1934 	0 	0.5
-330.0 	1935 	1 	0.5
-485.0 	1936 	0 	0.5
-409.5 	1937 	0 	0.5
-472.0 	1938 	0 	0.5
-381.0 	1939 	0 	0.5
-293.5 	1940 	1 	0.5
-450.0 	1941 	1 	0.5
-477.5 	1942 	0 	0.5
-337.5 	1943 	0 	0.5
-291.0 	1944 	0 	0.5
-268.5 	1945 	1 	0.5
-230.5 	1946 	1 	0.5
-421.5 	1947 	0 	0.5
-228.0 	1948 	1 	0.5
-329.5 	1949 	0 	0.5
-433.0 	1950 	0 	0.5
-490.0 	1951 	0 	0.5
-439.5 	1952 	0 	0.5
-412.5 	1953 	1 	0.5
-355.5 	1954 	1 	0.5
-394.0 	1955 	1 	0.5
-315.0 	1956 	1 	0.5
-349.5 	1957 	0 	0.5
-366.0 	1958 	0 	0.5
-194.40000000000174 	1959 	1 	0.5
-169.0 	1960 	1 	0.5
-346.5 	1961 	0 	0.5
-248.0 	1962 	0 	0.5
-377.5 	1963 	0 	0.5
-435.5 	1964 	0 	0.5
-290.5 	1965 	1 	0.5
-414.0 	1966 	0 	0.5
-360.0 	1967 	1 	0.5
-442.0 	1968 	0 	0.5
-463.0 	1969 	0 	0.5
-445.5 	1970 	0 	0.5
-445.5 	1971 	0 	0.5
-235.0 	1972 	1 	0.5
-288.5 	1973 	0 	0.5
-496.5 	1974 	1 	0.5
-447.2000000000002 	1975 	0 	0.5
-373.5 	1976 	0 	0.5
-445.5 	1977 	0 	0.5
-435.0 	1978 	0 	0.5
-334.5 	1979 	0 	0.5
-399.5 	1980 	1 	0.5
-463.5 	1981 	0 	0.5
-585.0 	1982 	0 	0.5
-373.5 	1983 	0 	0.5
-475.0 	1984 	0 	0.5
-416.0 	1985 	0 	0.5
-496.5 	1986 	0 	0.5
-293.5 	1987 	1 	0.5
-391.0 	1988 	1 	0.5
-344.5 	1989 	1 	0.5
-132.0 	1990 	1 	0.5
-370.0 	1991 	0 	0.5
-363.5 	1992 	1 	0.5
-424.0 	1993 	0 	0.5
-397.5 	1994 	1 	0.5
-386.4999999999986 	1995 	0 	0.5
-477.5 	1996 	0 	0.5
-378.0 	1997 	1 	0.5
-352.5 	1998 	1 	0.5
-431.5 	1999 	0 	0.5
0 	0
1 	1
2 	0
3 	0
4 	0
5 	0
6 	1
7 	1
8 	1
9 	0
10 	0
11 	0
12 	0
13 	0
14 	0
15 	0
16 	0
17 	1
18 	0
19 	0
20 	0
21 	0
22 	1
23 	0
24 	0
25 	1
26 	0
27 	1
28 	0
29 	0
30 	1
31 	1
32 	0
33 	1
34 	0
35 	0
36 	0
37 	0
38 	0
39 	0
40 	1
41 	1
42 	1
43 	0
44 	0
45 	0
46 	1
47 	0
48 	0
49 	1
50 	1
51 	0
52 	1
53 	0
54 	0
55 	0
56 	0
57 	0
58 	1
59 	1
60 	0
61 	0
62 	1
63 	1
64 	0
65 	0
66 	0
67 	1
68 	0
69 	1
70 	1
71 	1
72 	1
73 	0
74 	0
75 	1
76 	0
77 	1
78 	0
79 	1
80 	0
81 	0
82 	1
83 	1
84 	0
85 	0
86 	0
87 	0
88 	1
89 	0
90 	1
91 	1
92 	0
93 	0
94 	0
95 	1
96 	0
97 	1
98 	1
99 	1
100 	0
101 	1
102 	0
103 	1
104 	1
105 	1
106 	1
107 	1
108 	0
109 	0
110 	1
111 	1
112 	0
113 	1
114 	1
115 	1
116 	0
117 	1
118 	0
119 	0
120 	1
121 	0
122 	0
123 	1
124 	1
125 	1
126 	1
127 	0
128 	1
129 	0
130 	1
131 	1
132 	1
133 	1
134 	1
135 	1
136 	1
137 	1
138 	0
139 	1
140 	1
141 	1
142 	1
143 	1
144 	0
145 	1
146 	1
147 	1
148 	1
149 	0
150 	1
151 	1
152 	1
153 	1
154 	1
155 	0
156 	1
157 	0
158 	1
159 	0
160 	1
161 	1
162 	0
163 	1
164 	0
165 	0
166 	1
167 	0
168 	1
169 	1
170 	1
171 	1
172 	0
173 	1
174 	1
175 	1
176 	0
177 	0
178 	0
179 	1
180 	1
181 	1
182 	1
183 	0
184 	0
185 	0
186 	0
187 	1
188 	1
189 	1
190 	1
191 	0
192 	1
193 	1
194 	1
195 	0
196 	1
197 	0
198 	0
199 	1
200 	1
201 	1
202 	1
203 	1
204 	0
205 	0
206 	0
207 	0
208 	1
209 	1
210 	1
211 	0
212 	1
213 	1
214 	1
215 	1
216 	1
217 	1
218 	1
219 	1
220 	1
221 	1
222 	0
223 	1
224 	0
225 	1
226 	1
227 	0
228 	1
229 	1
230 	1
231 	1
232 	0
233 	1
234 	0
235 	1
236 	1
237 	1
238 	0
239 	1
240 	0
241 	1
242 	1
243 	1
244 	1
245 	1
246 	1
247 	0
248 	0
249 	0
250 	1
251 	0
252 	1
253 	1
254 	1
255 	1
256 	1
257 	0
258 	0
259 	0
260 	1
261 	1
262 	0
263 	0
264 	0
265 	0
266 	1
267 	1
268 	1
269 	1
270 	0
271 	1
272 	0
273 	1
274 	1
275 	1
276 	1
277 	0
278 	0
279 	1
280 	0
281 	0
282 	1
283 	1
284 	1
285 	1
286 	1
287 	0
288 	1
289 	0
290 	1
291 	1
292 	0
293 	0
294 	0
295 	1
296 	1
297 	0
298 	1
299 	0
300 	0
301 	0
302 	1
303 	0
304 	0
305 	0
306 	1
307 	0
308 	1
309 	0
310 	0
311 	0
312 	1
313 	1
314 	0
315 	0
316 	0
317 	0
318 	0
319 	0
320 	1
321 	1
322 	1
323 	0
324 	0
325 	1
326 	1
327 	1
328 	0
329 	0
330 	1
331 	0
332 	1
333 	1
334 	0
335 	1
336 	1
337 	1
338 	1
339 	1
340 	0
341 	1
342 	0
343 	0
344 	1
345 	1
346 	1
347 	0
348 	0
349 	0
350 	0
351 	1
352 	1
353 	1
354 	1
355 	1
356 	1
357 	1
358 	1
359 	1
360 	1
361 	0
362 	1
363 	1
364 	1
365 	0
366 	1
367 	1
368 	0
369 	1
370 	0
371 	0
372 	1
373 	1
374 	1
375 	0
376 	1
377 	0
378 	1
379 	0
380 	1
381 	1
382 	0
383 	1
384 	0
385 	1
386 	0
387 	0
388 	1
389 	1
390 	0
391 	1
392 	1
393 	1
394 	1
395 	1
396 	1
397 	0
398 	1
399 	1
400 	1
401 	0
402 	0
403 	1
404 	1
405 	1
406 	1
407 	1
408 	0
409 	0
410 	1
411 	1
412 	0
413 	1
414 	1
415 	0
416 	1
417 	1
418 	1
419 	1
420 	1
421 	1
422 	1
423 	1
424 	0
425 	1
426 	1
427 	0
428 	1
429 	0
430 	0
431 	1
432 	1
433 	1
434 	0
435 	1
436 	0
437 	0
438 	0
439 	0
440 	1
441 	1
442 	1
443 	1
444 	1
445 	1
446 	1
447 	0
448 	1
449 	1
450 	1
451 	1
452 	1
453 	0
454 	1
455 	1
456 	1
457 	1
458 	1
459 	1
460 	1
461 	1
462 	1
463 	1
464 	0
465 	1
466 	1
467 	1
468 	1
469 	1
470 	1
471 	1
472 	1
473 	0
474 	1
475 	1
476 	1
477 	1
478 	0
479 	1
480 	0
481 	1
482 	1
483 	1
484 	0
485 	1
486 	1
487 	1
488 	1
489 	0
490 	1
491 	1
492 	1
493 	1
494 	1
495 	1
496 	1
497 	1
498 	1
499 	0
500 	1
501 	0
502 	0
503 	1
504 	1
505 	1
506 	1
507 	1
508 	1
509 	1
510 	0
511 	1
512 	0
513 	1
514 	1
515 	1
516 	0
517 	1
518 	1
519 	1
520 	0
521 	1
522 	0
523 	0
524 	0
525 	1
526 	1
527 	0
528 	0
529 	1
530 	1
531 	1
532 	1
533 	1
534 	1
535 	1
536 	1
537 	1
538 	1
539 	0
540 	1
541 	0
542 	1
543 	1
544 	0
545 	1
546 	1
547 	0
548 	0
549 	1
550 	1
551 	1
552 	1
553 	0
554 	1
555 	1
556 	1
557 	0
558 	1
559 	0
560 	1
561 	0
562 	0
563 	0
564 	0
565 	1
566 	1
567 	1
568 	1
569 	0
570 	1
571 	1
572 	1
573 	1
574 	1
575 	1
576 	1
577 	1
578 	0
579 	1
580 	0
581 	1
582 	1
583 	1
584 	0
585 	1
586 	1
587 	1
588 	1
589 	1
590 	0
591 	1
592 	1
593 	1
594 	1
595 	1
596 	1
597 	1
598 	0
599 	0
600 	1
601 	1
602 	0
603 	1
604 	1
605 	0
606 	1
607 	0
608 	1
609 	1
610 	0
611 	1
612 	1
613 	0
614 	1
615 	1
616 	1
617 	1
618 	0
619 	1
620 	1
621 	1
622 	0
623 	1
624 	1
625 	1
626 	1
627 	0
628 	1
629 	1
630 	1
631 	1
632 	1
633 	1
634 	1
635 	0
636 	1
637 	1
638 	1
639 	1
640 	1
641 	1
642 	1
643 	0
644 	0
645 	1
646 	1
647 	1
648 	1
649 	0
650 	1
651 	1
652 	1
653 	1
654 	1
655 	1
656 	1
657 	1
658 	1
659 	1
660 	1
661 	0
662 	1
663 	1
664 	1
665 	1
666 	0
667 	1
668 	1
669 	0
670 	0
671 	1
672 	0
673 	1
674 	1
675 	1
676 	0
677 	0
678 	1
679 	1
680 	1
681 	1
682 	0
683 	1
684 	1
685 	1
686 	1
687 	1
688 	1
689 	1
690 	1
691 	1
692 	1
693 	1
694 	0
695 	1
696 	1
697 	1
698 	1
699 	1
700 	1
701 	1
702 	1
703 	1
704 	0
705 	1
706 	1
707 	1
708 	1
709 	0
710 	1
711 	0
712 	1
713 	1
714 	1
715 	1
716 	1
717 	0
718 	0
719 	1
720 	0
721 	1
722 	1
723 	1
724 	1
725 	1
726 	0
727 	1
728 	1
729 	0
730 	1
731 	1
732 	1
733 	0
734 	1
735 	0
736 	1
737 	1
738 	1
739 	1
740 	1
741 	1
742 	1
743 	1
744 	0
745 	1
746 	1
747 	1
748 	1
749 	1
750 	1
751 	1
752 	1
753 	1
754 	1
755 	1
756 	1
757 	0
758 	0
759 	1
760 	1
761 	1
762 	1
763 	0
764 	1
765 	1
766 	1
767 	1
768 	0
769 	1
770 	1
771 	1
772 	1
773 	1
774 	1
775 	0
776 	1
777 	0
778 	0
779 	1
780 	0
781 	1
782 	1
783 	1
784 	0
785 	0
786 	1
787 	1
788 	1
789 	0
790 	1
791 	0
792 	1
793 	0
794 	1
795 	0
796 	1
797 	1
798 	1
799 	0
800 	1
801 	1
802 	1
803 	1
804 	1
805 	1
806 	1
807 	1
808 	1
809 	1
810 	1
811 	1
812 	0
813 	0
814 	0
815 	1
816 	1
817 	1
818 	1
819 	1
820 	1
821 	1
822 	0
823 	0
824 	1
825 	1
826 	1
827 	1
828 	1
829 	1
830 	1
831 	1
832 	1
833 	1
834 	1
835 	1
836 	1
837 	1
838 	1
839 	1
840 	1
841 	1
842 	1
843 	1
844 	1
845 	0
846 	1
847 	1
848 	1
849 	1
850 	1
851 	1
852 	1
853 	1
854 	0
855 	1
856 	0
857 	1
858 	1
859 	1
860 	1
861 	1
862 	1
863 	1
864 	0
865 	1
866 	1
867 	1
868 	1
869 	0
870 	0
871 	1
872 	1
873 	1
874 	0
875 	1
876 	1
877 	0
878 	0
879 	1
880 	0
881 	1
882 	1
883 	1
884 	1
885 	1
886 	1
887 	1
888 	1
889 	1
890 	1
891 	1
892 	1
893 	1
894 	0
895 	1
896 	1
897 	1
898 	1
899 	0
900 	1
901 	0
902 	1
903 	0
904 	1
905 	1
906 	0
907 	1
908 	1
909 	1
910 	1
911 	1
912 	0
913 	1
914 	1
915 	0
916 	1
917 	1
918 	1
919 	1
920 	1
921 	1
922 	0
923 	1
924 	1
925 	0
926 	1
927 	1
928 	1
929 	1
930 	1
931 	1
932 	1
933 	1
934 	1
935 	1
936 	1
937 	1
938 	1
939 	1
940 	1
941 	1
942 	1
943 	0
944 	0
945 	1
946 	1
947 	1
948 	0
949 	1
950 	1
951 	1
952 	1
953 	0
954 	1
955 	1
956 	0
957 	1
958 	1
959 	1
960 	1
961 	1
962 	1
963 	0
964 	0
965 	1
966 	0
967 	1
968 	0
969 	1
970 	1
971 	1
972 	1
973 	1
974 	1
975 	0
976 	1
977 	1
978 	1
979 	1
980 	1
981 	1
982 	1
983 	1
984 	1
985 	1
986 	1
987 	1
988 	1
989 	1
990 	1
991 	0
992 	1
993 	0
994 	1
995 	1
996 	1
997 	1
998 	1
999 	1
1000 	1
1001 	1
1002 	0
1003 	0
1004 	1
1005 	0
1006 	1
1007 	0
1008 	1
1009 	1
1010 	1
1011 	1
1012 	1
1013 	1
1014 	1
1015 	1
1016 	1
1017 	0
1018 	1
1019 	1
1020 	0
1021 	1
1022 	1
1023 	0
1024 	1
1025 	1
1026 	1
1027 	0
1028 	0
1029 	1
1030 	1
1031 	1
1032 	1
1033 	1
1034 	0
1035 	1
1036 	0
1037 	1
1038 	1
1039 	1
1040 	1
1041 	0
1042 	1
1043 	1
1044 	1
1045 	1
1046 	1
1047 	1
1048 	0
1049 	1
1050 	1
1051 	1
1052 	1
1053 	1
1054 	1
1055 	0
1056 	1
1057 	0
1058 	0
1059 	1
1060 	1
1061 	1
1062 	1
1063 	1
1064 	1
1065 	1
1066 	1
1067 	1
1068 	0
1069 	1
1070 	1
1071 	0
1072 	1
1073 	0
1074 	0
1075 	1
1076 	1
1077 	1
1078 	1
1079 	1
1080 	1
1081 	1
1082 	1
1083 	1
1084 	1
1085 	0
1086 	1
1087 	1
1088 	1
1089 	0
1090 	1
1091 	1
1092 	1
1093 	1
1094 	1
1095 	1
1096 	1
1097 	1
1098 	1
1099 	1
1100 	1
1101 	1
1102 	1
1103 	1
1104 	1
1105 	1
1106 	1
1107 	1
1108 	0
1109 	1
1110 	1
1111 	0
1112 	0
1113 	1
1114 	1
1115 	1
1116 	0
1117 	1
1118 	1
1119 	1
1120 	1
1121 	1
1122 	1
1123 	1
1124 	1
1125 	1
1126 	1
1127 	1
1128 	1
1129 	1
1130 	1
1131 	0
1132 	1
1133 	1
1134 	1
1135 	1
1136 	1
1137 	1
1138 	1
1139 	1
1140 	1
1141 	1
1142 	1
1143 	0
1144 	1
1145 	1
1146 	1
1147 	1
1148 	0
1149 	1
1150 	0
1151 	1
1152 	1
1153 	1
1154 	1
1155 	1
1156 	0
1157 	1
1158 	1
1159 	0
1160 	1
1161 	0
1162 	1
1163 	1
1164 	0
1165 	1
1166 	1
1167 	1
1168 	1
1169 	1
1170 	1
1171 	1
1172 	1
1173 	1
1174 	1
1175 	1
1176 	1
1177 	0
1178 	1
1179 	1
1180 	1
1181 	1
1182 	0
1183 	1
1184 	1
1185 	0
1186 	1
1187 	1
1188 	1
1189 	1
1190 	1
1191 	1
1192 	1
1193 	1
1194 	1
1195 	1
1196 	1
1197 	1
1198 	1
1199 	1
1200 	1
1201 	1
1202 	1
1203 	1
1204 	1
1205 	1
1206 	1
1207 	0
1208 	1
1209 	1
1210 	0
1211 	1
1212 	0
1213 	1
1214 	1
1215 	1
1216 	1
1217 	1
1218 	1
1219 	1
1220 	1
1221 	1
1222 	1
1223 	1
1224 	1
1225 	1
1226 	1
1227 	1
1228 	0
1229 	1
1230 	0
1231 	1
1232 	0
1233 	1
1234 	1
1235 	1
1236 	1
1237 	1
1238 	1
1239 	0
1240 	1
1241 	1
1242 	1
1243 	1
1244 	1
1245 	1
1246 	0
1247 	1
1248 	1
1249 	1
1250 	1
1251 	1
1252 	1
1253 	1
1254 	1
1255 	1
1256 	1
1257 	1
1258 	1
1259 	1
1260 	0
1261 	1
1262 	1
1263 	0
1264 	1
1265 	1
1266 	1
1267 	0
1268 	1
1269 	1
1270 	1
1271 	1
1272 	1
1273 	1
1274 	0
1275 	1
1276 	1
1277 	1
1278 	1
1279 	1
1280 	1
1281 	0
1282 	0
1283 	1
1284 	1
1285 	1
1286 	1
1287 	0
1288 	1
1289 	1
1290 	0
1291 	1
1292 	1
1293 	1
1294 	1
1295 	1
1296 	1
1297 	0
1298 	0
1299 	1
1300 	1
1301 	1
1302 	0
1303 	1
1304 	1
1305 	1
1306 	0
1307 	0
1308 	1
1309 	1
1310 	1
1311 	0
1312 	1
1313 	1
1314 	0
1315 	0
1316 	1
1317 	1
1318 	1
1319 	1
1320 	1
1321 	1
1322 	1
1323 	1
1324 	1
1325 	1
1326 	1
1327 	0
1328 	0
1329 	1
1330 	1
1331 	1
1332 	1
1333 	1
1334 	1
1335 	0
1336 	1
1337 	1
1338 	1
1339 	0
1340 	1
1341 	0
1342 	0
1343 	0
1344 	0
1345 	1
1346 	1
1347 	1
1348 	1
1349 	1
1350 	1
1351 	0
1352 	1
1353 	1
1354 	1
1355 	0
1356 	1
1357 	1
1358 	0
1359 	1
1360 	0
1361 	1
1362 	1
1363 	0
1364 	0
1365 	0
1366 	1
1367 	1
1368 	1
1369 	1
1370 	1
1371 	1
1372 	1
1373 	1
1374 	1
1375 	1
1376 	1
1377 	1
1378 	1
1379 	1
1380 	0
1381 	0
1382 	1
1383 	1
1384 	1
1385 	1
1386 	1
1387 	1
1388 	0
1389 	1
1390 	1
1391 	0
1392 	1
1393 	1
1394 	1
1395 	1
1396 	1
1397 	0
1398 	1
1399 	1
1400 	1
1401 	1
1402 	1
1403 	0
1404 	1
1405 	1
1406 	0
1407 	1
1408 	1
1409 	1
1410 	1
1411 	1
1412 	1
1413 	1
1414 	0
1415 	0
1416 	1
1417 	1
1418 	1
1419 	1
1420 	1
1421 	0
1422 	1
1423 	1
1424 	1
1425 	1
1426 	0
1427 	1
1428 	1
1429 	1
1430 	1
1431 	1
1432 	1
1433 	1
1434 	0
1435 	0
1436 	0
1437 	1
1438 	1
1439 	1
1440 	1
1441 	0
1442 	1
1443 	1
1444 	1
1445 	0
1446 	0
1447 	1
1448 	1
1449 	1
1450 	1
1451 	1
1452 	1
1453 	1
1454 	1
1455 	1
1456 	1
1457 	0
1458 	0
1459 	0
1460 	1
1461 	1
1462 	1
1463 	1
1464 	1
1465 	1
1466 	1
1467 	1
1468 	1
1469 	1
1470 	1
1471 	1
1472 	1
1473 	0
1474 	0
1475 	1
1476 	1
1477 	1
1478 	1
1479 	1
1480 	1
1481 	0
1482 	1
1483 	1
1484 	1
1485 	0
1486 	1
1487 	1
1488 	1
1489 	1
1490 	1
1491 	1
1492 	1
1493 	1
1494 	1
1495 	1
1496 	0
1497 	1
1498 	1
1499 	1
1500 	1
1501 	1
1502 	0
1503 	1
1504 	1
1505 	1
1506 	0
1507 	1
1508 	0
1509 	1
1510 	1
1511 	0
1512 	1
1513 	1
1514 	1
1515 	1
1516 	1
1517 	1
1518 	1
1519 	1
1520 	1
1521 	1
1522 	1
1523 	1
1524 	1
1525 	1
1526 	1
1527 	1
1528 	1
1529 	0
1530 	1
1531 	1
1532 	0
1533 	1
1534 	1
1535 	1
1536 	1
1537 	0
1538 	0
1539 	1
1540 	1
1541 	1
1542 	0
1543 	1
1544 	1
1545 	1
1546 	1
1547 	0
1548 	1
1549 	1
1550 	1
1551 	1
1552 	1
1553 	1
1554 	1
1555 	0
1556 	1
1557 	1
1558 	1
1559 	1
1560 	1
1561 	1
1562 	1
1563 	1
1564 	1
1565 	1
1566 	1
1567 	0
1568 	1
1569 	1
1570 	1
1571 	0
1572 	0
1573 	0
1574 	1
1575 	1
1576 	1
1577 	1
1578 	1
1579 	1
1580 	1
1581 	1
1582 	1
1583 	0
1584 	1
1585 	1
1586 	1
1587 	1
1588 	1
1589 	1
1590 	1
1591 	1
1592 	1
1593 	1
1594 	1
1595 	1
1596 	1
1597 	0
1598 	1
1599 	0
1600 	0
1601 	1
1602 	1
1603 	1
1604 	1
1605 	1
1606 	1
1607 	0
1608 	1
1609 	1
1610 	1
1611 	0
1612 	1
1613 	0
1614 	1
1615 	1
1616 	1
1617 	1
1618 	0
1619 	1
1620 	1
1621 	0
1622 	1
1623 	1
1624 	1
1625 	1
1626 	1
1627 	0
1628 	1
1629 	0
1630 	1
1631 	0
1632 	1
1633 	1
1634 	1
1635 	1
1636 	1
1637 	0
1638 	1
1639 	1
1640 	1
1641 	0
1642 	1
1643 	1
1644 	1
1645 	1
1646 	0
1647 	0
1648 	1
1649 	1
1650 	1
1651 	1
1652 	1
1653 	1
1654 	1
1655 	1
1656 	1
1657 	1
1658 	1
1659 	1
1660 	1
1661 	1
1662 	1
1663 	1
1664 	1
1665 	1
1666 	1
1667 	1
1668 	1
1669 	1
1670 	0
1671 	0
1672 	1
1673 	1
1674 	1
1675 	1
1676 	1
1677 	1
1678 	1
1679 	1
1680 	0
1681 	1
1682 	1
1683 	1
1684 	1
1685 	1
1686 	1
1687 	1
1688 	1
1689 	1
1690 	1
1691 	1
1692 	1
1693 	1
1694 	1
1695 	1
1696 	1
1697 	1
1698 	1
1699 	1
1700 	1
1701 	1
1702 	1
1703 	0
1704 	0
1705 	1
1706 	1
1707 	1
1708 	1
1709 	0
1710 	1
1711 	1
1712 	1
1713 	1
1714 	1
1715 	1
1716 	1
1717 	0
1718 	0
1719 	1
1720 	1
1721 	1
1722 	1
1723 	1
1724 	1
1725 	1
1726 	1
1727 	1
1728 	0
1729 	1
1730 	1
1731 	0
1732 	1
1733 	1
1734 	1
1735 	1
1736 	1
1737 	0
1738 	1
1739 	1
1740 	1
1741 	0
1742 	0
1743 	1
1744 	1
1745 	1
1746 	1
1747 	0
1748 	1
1749 	1
1750 	1
1751 	1
1752 	1
1753 	0
1754 	1
1755 	1
1756 	0
1757 	1
1758 	1
1759 	1
1760 	1
1761 	1
1762 	1
1763 	1
1764 	1
1765 	1
1766 	1
1767 	1
1768 	1
1769 	1
1770 	1
1771 	1
1772 	1
1773 	1
1774 	1
1775 	1
1776 	1
1777 	1
1778 	1
1779 	1
1780 	0
1781 	1
1782 	0
1783 	1
1784 	0
1785 	1
1786 	0
1787 	1
1788 	0
1789 	0
1790 	1
1791 	1
1792 	0
1793 	1
1794 	1
1795 	1
1796 	1
1797 	1
1798 	1
1799 	1
1800 	0
1801 	1
1802 	1
1803 	1
1804 	0
1805 	1
1806 	1
1807 	1
1808 	1
1809 	1
1810 	1
1811 	1
1812 	0
1813 	1
1814 	1
1815 	1
1816 	1
1817 	1
1818 	1
1819 	0
1820 	1
1821 	1
1822 	0
1823 	1
1824 	1
1825 	1
1826 	1
1827 	1
1828 	1
1829 	1
1830 	0
1831 	1
1832 	0
1833 	0
1834 	0
1835 	1
1836 	1
1837 	1
1838 	1
1839 	0
1840 	1
1841 	1
1842 	1
1843 	1
1844 	1
1845 	0
1846 	1
1847 	1
1848 	1
1849 	1
1850 	1
1851 	1
1852 	1
1853 	0
1854 	1
1855 	0
1856 	1
1857 	1
1858 	0
1859 	1
1860 	1
1861 	1
1862 	1
1863 	1
1864 	1
1865 	1
1866 	0
1867 	1
1868 	0
1869 	1
1870 	1
1871 	1
1872 	1
1873 	1
1874 	1
1875 	1
1876 	1
1877 	0
1878 	0
1879 	1
1880 	1
1881 	1
1882 	1
1883 	0
1884 	1
1885 	1
1886 	1
1887 	1
1888 	1
1889 	1
1890 	1
1891 	0
1892 	1
1893 	1
1894 	1
1895 	1
1896 	1
1897 	1
1898 	0
1899 	1
1900 	1
1901 	0
1902 	1
1903 	0
1904 	1
1905 	0
1906 	1
1907 	1
1908 	1
1909 	1
1910 	1
1911 	1
1912 	1
1913 	1
1914 	0
1915 	1
1916 	1
1917 	1
1918 	0
1919 	0
1920 	1
1921 	1
1922 	1
1923 	0
1924 	1
1925 	1
1926 	0
1927 	1
1928 	1
1929 	1
1930 	0
1931 	0
1932 	1
1933 	1
1934 	0
1935 	0
1936 	1
1937 	1
1938 	1
1939 	1
1940 	1
1941 	0
1942 	1
1943 	1
1944 	1
1945 	1
1946 	1
1947 	1
1948 	1
1949 	0
1950 	1
1951 	0
1952 	1
1953 	1
1954 	0
1955 	1
1956 	1
1957 	1
1958 	1
1959 	1
1960 	1
1961 	1
1962 	1
1963 	1
1964 	1
1965 	1
1966 	1
1967 	1
1968 	1
1969 	1
1970 	1
1971 	1
1972 	1
1973 	1
1974 	1
1975 	1
1976 	1
1977 	1
1978 	1
1979 	1
1980 	1
1981 	1
1982 	1
1983 	1
1984 	1
1985 	1
1986 	1
1987 	1
1988 	1
1989 	1
1990 	1
1991 	1
1992 	1
1993 	0
1994 	1
1995 	1
1996 	1
1997 	1
1998 	1
1999 	1
