0	40.50495657
0	-11.3481295
0	
0	
0	
0	
0	
0	
0	
0	
0	
0	
0	
0	
0	
0	
0	
0	
0	
0	
0	
0	
0	
0	
0	
0	
0	
0	
0	
0	
0	
0	
0	
0	
0	
0	
0	
0	
0	
0	
0	
0	
0	
0	
0	
0	
0	
0	
0	
0	
0	
0	
0	
0	
0	
0	
0	
0	
0	
0	
0	
0	
0	
0	
0	
0	
0	
0	
0	
0	
0	
0	
0	
0	
0	
0	
0	
0	
0	
0	
0	
0	
0	
0	
0	
0	
0	
0	
0	
0	
0	
0	
0	
0	
0	
0	
0	
0	
0	
0	
0	
0	
0	
0	
0	
0	
0	
0	
0	
0	
0	
0	
1.259328308	
3.569722144	
-3.967884116	
-3.286792428	
0.661863063	
2.855146606	
0.73183622	
-4.437595929	
1.295246337	
1.926902553	
-3.095388497	
7.628235271	
6.520243486	
4.02006528	
-2.8	
-0.031543676	
0	
0	
0	
0	
0	
-1	
2.894560355	
0	
0	
0	
0	
0	
-5.421726189	
0.175867275	
2.462141456	
8.583060742	
3.977924173	
4.255688924	
5.320892441	
-0.6	
1.943109079	
4.439478601	
-2.404171352	
0.156943895	
13.89954068	
8.275923917	
-0.09	
-2.044	
-0.836953406	
-1.033298822	
0	
0	
0	
0	
0	
-1	
0	
0	
-0.081848877	
0	
1.895651393	
-1.46123238	
-0.492039027	
5.461164344	
-3.110517231	
-0.947096832	
4.092245557	
4.121990226	
-0.624724468	
3.302355721	
4.042942304	
-0.090551306	
-1.310204954	
3.690834121	
0	
0	
0	
0	
0	
0	
0	
0	
0	
0	
0	
0	
0	
0	
-1.06781305	
-2.682301872	
1.732468044	
0.109475815	
0.648003663	
1.544732232	
9.201187159	
1.786988274	
2.178920624	
-0.774700465	
-0.215822853	
-0.606904438	
-1.850625082	
24.8229417	
-0.6	
-1.9	
-1.63447856	
0	
1.220980535	
0	
0	
0	
0	
0	
0	
0	
0	
0	
4.284618924	
4.724846671	
3.931503295	
2.14005944	
3.995749781	
5.623103706	
4.347037614	
1.73886476	
2.134538193	
5.28820799	
2.041466361	
3.163163212	
9.884327359	
9.905559634	
-1.9	
-1.498402278	
8.230667335	
0	
-0.911389162	
0	
0	
-1.006463401	
-3.25	
0	
0	
0	
0	
0	
5.26059089	
5.936756515	
5.189704174	
6.193339486	
2.758746532	
4.565344719	
6.408802477	
5.026676953	
10.16919479	
1.584207199	
11.45164776	
4.946501823	
10.57779948	
16.87437913	
-1.6	
0	
-0.49267	
-1.6	
-0.731044785	
0	
15.9535633	
-4.1113	
5.431920543	
0	
-0.828311906	
0	
-1	
0	
4.309431936	
3.133139428	
2.188235964	
5.240989999	
2.053401739	
3.62352573	
1.950444872	
7.340146932	
4.122183045	
3.359902183	
3.234088089	
2.378095401	
-0.377590026	
2.822317386	
0	
0	
-2.061994945	
0	
0	
0.259971985	
0	
0	
0	
0	
0	
0	
0	
0	
7.474309948	
6.010064569	
6.575191578	
7.446562307	
7.914715224	
7.049254604	
9.36564124	
5.019115246	
2.110936099	
5.465169631	
5.610287136	
4.293929413	
4.925444484	
22.60292175	
3.310835384	
0	
0	
0	
0	
0	
22.87721973	
1.201515489	
0	
0	
0	
0	
0	
0	
1.470571625	
1.866936426	
0.594877855	
1.246406938	
2.704419031	
2.10943071	
0.700122076	
0.269993802	
3.788514114	
3.582784074	
1.987528103	
2.71845551	
2.224491844	
7.942196725	
-2.234685297	
-1	
3.625616195	
0	
-3.827279276	
1.370050551	
0	
1.36480927	
0	
0	
0	
0	
0	
0	
2.806463401	
2.953717453	
3.170259238	
3.88256504	
2.985247786	
4.81469518	
3.298087896	
0.177132435	
2.796528074	
2.314216478	
2.30220282	
3.060441374	
2.156235018	
2.348618586	
-1.6	
-1.88850361	
-0.52427543	
-2.518976919	
0.758520518	
1.120898727	
14.00472546	
3.022331996	
-0.138112453	
0	
-1.6	
0	
0	
0	
0.982113025	
-0.415996796	
3.483127556	
1.187663617	
0.693355582	
0.784220695	
1.331923502	
2.548636824	
3.801844241	
1.930142334	
3.969501279	
1.807504844	
4.173805894	
3.363000025	
0	
2.224304891	
-1.348810034	
0	
0	
0	
12.2901129	
0	
0	
0	
0	
0	
0	
2.972595131	
6.12054968	
4.010363016	
10.89686622	
-2.022888863	
4.504834473	
4.396408743	
5.090863377	
4.872300132	
4.171317507	
11.36627476	
5.109026594	
2.940164989	
3.907535766	
5.141717952	
-1	
-0.607348573	
-0.318121008	
-3.515695926	
0.650803454	
-1.142561514	
12.30819468	
0	
0	
2.940626836	
0	
0	
0	
-1.438623861	
3.947905047	
3.723154986	
3.925923138	
4.067215406	
2.217624539	
1.473986909	
5.773825644	
8.842658943	
8.760172004	
8.890234958	
10.55564432	
7.458140636	
7.973348487	
8.960427891	
-2.230042057	
-1.9	
-0.550472197	
-0.170985296	
-1.122836468	
-0.317808303	
0	
-1	
-3.701226831	
2.641039789	
0	
0	
-1.144427686	
0	
3.178398393	
3.565960298	
1.636391212	
4.885953463	
1.134014076	
3.757715664	
5.312757527	
11.2196899	
5.102974106	
4.948659688	
8.818712662	
4.121929886	
4.22535591	
-4.601051561	
-8.248604827	
-5.002032275	
-5.266710357	
-5.923181427	
-5.019680832	
-6.205005629	
-4.661595977	
-0.258294136	
-0.120969941	
-0.311949845	
-1.739815691	
2.560601853	
-1.054	
0	
1.647139048	
4.9011327	
9.902589309	
3.914252549	
4.067264285	
8.147304926	
2.834628921	
4.424972743	
11.86937277	
3.807824502	
4.709286576	
7.210066522	
18.07966211	
6.48794831	
-1.9	
-0.937532916	
-2.94030946	
-2.082691856	
2.111627152	
0	
-1.378733934	
0	
0	
0	
0	
0	
0	
4.760437937	
5.562511921	
5.680578785	
15.48839509	
3.522905096	
11.06362659	
1.086244565	
5.364518766	
6.634534222	
6.232477778	
17.48910823	
6.132433207	
8.355669797	
5.55622336	
9.469390485	
-2.401506454	
-3.094169768	
-3.218431153	
-4.223156616	
-4.659134883	
-3.101748363	
-3.222243579	
0.142664628	
0.627547118	
3.482811785	
-1.592174375	
0	
0.54393888	
1.306478099	
4.120622853	
1.404354061	
6.620856654	
4.600074251	
5.385493976	
5.383371791	
2.642561957	
8.277891441	
2.081216399	
10.02688635	
6.386428296	
1.590933841	
0.979704383	
1.677421258	
-1.9	
-2.159265947	
8.226895213	
-2.194147267	
-4.9338567	
-4.500121595	
-2.599105164	
1.813121439	
0	
0	
0	
-2.884123638	
-1.560469224	
-0.596278203	
2.41962846	
3.376564591	
3.615772976	
1.523298342	
4.725323563	
2.498270221	
3.311702449	
0.003148897	
6.616178144	
1.580156772	
1.577493603	
0.512851277	
6.355827685	
3.640771273	
-4.295034138	
-2.426957269	
-3.518064573	
-3.680798908	
-2.119048953	
-3.178273421	
-2.631085245	
-1.145764685	
0	
-1.839188647	
-0.940183805	
0	
0	
0	
1.739043323	
3.56628146	
6.101739764	
3.243604651	
3.54122361	
3.292541228	
2.951143167	
2.115609585	
10.01286225	
4.951291222	
0.964211504	
-0.189149475	
2.244575921	
3.237229333	
-2.883012463	
-2.437150903	
-1.6	
-1.961507053	
-0.234117642	
6.879139472	
-1.794067279	
-1.742870276	
-3.851083827	
-1.556559593	
-0.437154425	
0	
0	
-1.69838134	
4.988238384	
3.914204814	
3.313213849	
2.065111622	
3.280435637	
4.596414098	
6.758403049	
10.71215102	
4.877665588	
3.069632114	
7.626087893	
7.237091122	
0	
4.188160657	
-3.37927332	
-3.511487647	
-2.940966539	
-2.932481703	
-0.770363153	
-4.124070862	
-3.225421359	
-0.986166481	
-1.026410368	
-1.128113871	
-2.460967939	
0.032347561	
1.53665936	
0.41406768	
4.837379782	
0.826685119	
5.008827074	
4.372586632	
4.101172266	
4.178979321	
3.584669397	
1.87650885	
-0.071838024	
8.197069581	
0.152085533	
-0.093674638	
-1.267079301	
-1.200888908	
-0.252707929	
-1.845829946	
7.859053343	
-2.91608537	
-3.266913165	
-1.69475674	
0.130203288	
-0.6486	
0	
0	
0	
0	
0	
0	
4.093019862	
1.088393739	
3.090160002	
4.120710058	
4.127536261	
2.717431478	
2.842453131	
1.366769489	
8.696734158	
0	
0.111979894	
2.017335364	
1.339080556	
-1.726403234	
-1.199691539	
-1.630453085	
-3.063991896	
-2.373919134	
-1.445622001	
-3.255524046	
-1.728503017	
-1.088199211	
-2.44	
-1.6	
1.05495708	
-2.104414616	
-2.525989934	
0	
2.056378388	
2.843335182	
3.644623059	
3.425170023	
1.398090027	
3.852048632	
5.562818514	
3.412672378	
-0.634686229	
0.774456278	
0.898795351	
13.44474161	
0.082928103	
1.956314362	
-3.06235054	
-0.6	
-2.5	
-2.921538824	
-0.909216157	
2.326927089	
-0.939395727	
-1	
-0.540248135	
-4.737769466	
0	
0	
0	
0	
2.018206275	
2.092880889	
11.04854696	
2.656457492	
2.194888282	
1.608119659	
-1.096375786	
6.322467489	
2.963791421	
0.802318404	
-1.281474488	
2.256733146	
1.234359983	
3.396127731	
-3.627554606	
-3.027709999	
-2.3371219	
-4.560956688	
-2.879392579	
-3.50889242	
-1.805267414	
-0.099872976	
-1.169625282	
-2.115268925	
0.222346767	
0	
0	
0	
1.161987927	
0.066367374	
6.638877843	
1.346785154	
-0.12338551	
5.993310627	
3.126089679	
-0.166952235	
-0.544685414	
-2.25	
2.723435344	
-1.685965159	
-0.323119956	
1.071688862	
-0.40515509	
-1.9	
4.226912532	
-0.754389325	
-1.852163513	
-3.148292466	
-0.9251159	
-0.6	
-1.6	
0	
0	
0	
0	
0	
0.335203996	
0.755472232	
-0.912214782	
2.861091315	
4.254867566	
2.675972657	
0.59402372	
-0.958552461	
-0.15897709	
-0.020053866	
-0.097118559	
8.41735553	
0.73930631	
1.799632226	
-2.892273047	
-2.454726443	
-1.995797562	
-2.258579697	
-2.775530287	
-2.915197784	
-2.715872947	
-1	
-0.013109905	
0	
-1.058829838	
0	
0	
0	
0.940577833	
2.818952049	
-0.467208658	
-0.056093683	
-1.70067697	
5.155442654	
-1.960248086	
-0.427213553	
3.67525836	
-0.748766891	
0.461334463	
0.864098334	
0.904191018	
-1.452020773	
-3.158578664	
-0.002547801	
-1.1521	
-1.047568843	
-1.063302694	
-0.83962611	
5.391952625	
-1	
0	
0	
0	
0	
0	
0	
-0.568445017	
2.402339094	
1.012545811	
0.946421056	
2.000884911	
4.932376393	
0.049575224	
3.052669552	
-0.794507977	
5.862866082	
1.091101741	
0.74804238	
-0.267895159	
-0.845626291	
-1.732398153	
-2.176891621	
-2.565209229	
-3.411376927	
-1.945839695	
-1.288422767	
-1.483917448	
-1	
-0.594554043	
0.859679722	
0	
-2.5	
0	
0	
4.713694079	
-2.332981556	
1.444717121	
-0.425674222	
0.002826767	
0.296358511	
9.415118954	
-0.446130523	
-0.010629595	
2.40112091	
-0.782500058	
-0.425470334	
0.660009761	
-0.746156615	
-1.80076706	
-4.117880229	
-0.846849779	
-0.774864419	
-1.76038061	
-2.903487636	
-0.829014344	
-0.499559986	
0	
0	
0	
0	
-1.008083106	
0.322063372	
-0.211509889	
0.130413796	
0.111740032	
0.551236329	
5.391729958	
-0.368531851	
-4.266404126	
-0.14571012	
1.239196293	
-0.044882956	
5.281712023	
2.333275681	
0	
-1.668905077	
-0.758288256	
-1.052022604	
-1.546499011	
-3.317723689	
-1.63	
-0.77103827	
-1.412601649	
-1	
-1.039415408	
0	
0	
0	
0	
0	
0.469118799	
1.455471954	
0.328687766	
4.499369785	
0.823015391	
-0.088191859	
-2.860524993	
-0.311865	
5.326887341	
-0.176855246	
1.520739998	
-0.2024981	
-0.003022985	
-1.650813438	
-2.534247526	
-2.847157332	
-2.52517313	
-4.21040106	
0.13112665	
-2.168180145	
-2.323483174	
-1	
-0.282753398	
-1.174907471	
0	
-1.6	
0	
0	
-0.850372599	
1.488964948	
-0.428830705	
-1.579776851	
-2.166261435	
-1.659526382	
-0.608991165	
-0.141458782	
0	
0.348924618	
-0.174740223	
-0.089436269	
0.059870967	
-1.699970034	
-3.355004006	
-3.757216901	
-3.890530154	
-3.785145206	
-3.667168085	
-1.648342289	
-3.06306288	
-1.522267036	
-2.524544144	
-1.743416434	
-1.755777616	
-0.08118776	
-0.488548224	
-0.30477462	
2.809918501	
-2.762429215	
0.322145275	
0.543752113	
1.372723694	
-0.711436091	
0.490562344	
-3.507611007	
-3.770102782	
-1.003951259	
-3.614500291	
-3.592234088	
-3.08563443	
-6.0724379	
-4.348027919	
-7.454094734	
2.837249511	
-3.553813605	
-5.802926639	
-9.422012929	
-3.168586292	
-3.299759153	
-1.09	
-1.167035538	
-0.916999255	
-1.531045786	
-1.530085283	
-1.749209074	
-3.803177564	
-1.949419687	
0.164705357	
0.874945111	
1.772717986	
-2.28047896	
-3.249057921	
-3.318820847	
-3.528808542	
-2.899022573	
-3.8051933	
-5.283709971	
-3.244299911	
-3.94026776	
-6.213348969	
-5.289425181	
-6.373681283	
-6.75654175	
-5.423424681	
-4.712510206	
4.476044339	
-0.340585493	
-0.491708411	
-1.419461258	
-0.812567751	
-0.382145524	
-3.023231164	
-0.333045716	
-1.288714808	
-0.670813178	
-4.130497324	
1.95686139	
0.479637009	
5.9263734	
-1.068859729	
-3.389279635	
-3.494316731	
-3.204213311	
-3.016912062	
-3.165803419	
-2.778744837	
-3.565970105	
-8.015423106	
-6.281901693	
-5.38209788	
-8.026999843	
-3.992487266	
1.666123503	
-3.095904281	
-2.44	
-1.654511536	
-3.03612149	
-1.990952073	
-1.582721325	
-2.381745005	
-1.909534754	
-3.186505598	
0.338368922	
-0.309178346	
-0.226215237	
-1.435197098	
4.85480633	
-0.185050742	
-5.758842272	
-3.663612276	
-6.704251716	
-7.224196673	
-6.241363672	
-4.205581996	
-5.95897024	
-9.034492499	
-9.509572713	
-9.746229612	
-11.3481295	
-10.62766869	
-8.537725496	
1.085046598	
-4.240977791	
-4.92081219	
-4.520186268	
-4.232231737	
-4.713818829	
-4.887840782	
-4.355559989	
0	
0	
0	
0	
0	
0	
0	
0	
0	
0	
0	
0	
0	
0	
0	
0	
0	
0	
0	
0	
0	
0	
0	
0	
0	
0	
0	
0	
0	
0	
0	
0	
0	
0	
0	
0	
0	
0	
0	
0	
0	
0	
0	
0	
0	
0	
0	
0	
0	
0	
0	
0	
0	
0	
0	
0	
0	
0	
0	
0	
0	
0	
0	
0	
0	
0	
0	
0	
0	
0	
0	
0	
0	
0	
0	
0	
0	
0	
0	
0	
0	
0	
0	
0	
0	
0	
0	
0	
0	
0	
0	
0	
0	
0	
0	
0	
0	
0	
0	
0	
0	
0	
0	
0	
0	
0	
0	
0	
0	
0	
0	
0	
1.987120313	
5.200897455	
2.309005276	
0.38409416	
2.498775682	
-1.667735748	
27.22756875	
2.524284402	
3.653270354	
-4.894882204	
6.207281722	
4.322070972	
12.14293146	
29.52086859	
-1	
0	
-0.283279854	
0	
0	
0	
0	
0	
0	
0	
0	
0	
0	
0	
1.893442202	
5.013749328	
-1.235531846	
4.371306003	
-3.871069378	
4.069054416	
20.85182551	
4.364353597	
1.266007473	
6.205479733	
0	
2.961162456	
13.3228475	
4.573078852	
-0.067138571	
-2.467	
-1	
0	
-1.711	
-1	
7.370138825	
2.011590262	
0	
0	
0	
0	
0	
0	
1.365666328	
0.867186549	
0.923003146	
1.813084026	
-0.919092843	
1.094123523	
1.278781675	
6.426172343	
-0.683565204	
1.700067466	
5.981160176	
-2.687247774	
3.328518941	
3.662373011	
-1	
0	
0	
0	
0	
0	
0	
0	
0	
0	
0	
0	
0	
0	
-2.714334741	
0.237967083	
-5.131830078	
2.290871342	
1.751408712	
2.918454432	
2.892180176	
5.134593493	
2.374744173	
0	
0.527233855	
3.383307152	
0	
13.50791027	
-1.6	
0	
-1	
-1	
0	
-0.604374	
0	
-1	
0.430362067	
0	
0	
0	
0	
0	
4.966808083	
8.297266351	
8.095112499	
1.428596593	
9.331994954	
7.66771673	
25.16310387	
3.359095147	
7.907283189	
6.411955926	
6.828244361	
6.562530076	
5.691227148	
28.79116632	
-3.65216985	
-1.9	
-1.6	
0.65583486	
0	
0	
0	
-1	
-0.190002634	
0	
0	
0	
0	
0	
8.861250313	
12.19616624	
8.157920258	
12.80524534	
12.35103909	
10.32284573	
20.11629097	
7.403298348	
4.038053653	
5.330565908	
17.95531337	
0	
2.33625529	
14.19054707	
-2.519233572	
-0.36603357	
0.527608579	
-1	
4.08248287	
0	
0	
-1	
-1.6	
1.716962761	
0	
0	
-1.6	
0	
3.167782643	
1.896926415	
3.363431304	
5.904779045	
2.712126591	
3.862135793	
10.05780768	
0.473908049	
1.044400321	
2.059783143	
9.449532969	
-0.688608341	
8.632292676	
11.73618074	
-1.582382889	
0	
0	
-0.46757801	
0	
0	
21.29756965	
0	
0	
0	
0	
0	
0	
0	
6.436939641	
3.501728951	
6.855689433	
3.957201539	
2.855630874	
4.461598239	
3.903704206	
5.123034187	
3.391835751	
6.62409666	
2.43227823	
9.592886443	
0.662311327	
-1.186761953	
-1	
-0.430950184	
-0.35551716	
3.136691241	
0	
0	
0	
-1.74268281	
-1	
0	
0	
0	
2.742927471	
0	
4.189496125	
6.109606353	
10.31005461	
8.467821309	
7.69974838	
7.110535537	
25.86498309	
3.487225818	
11.14466499	
2.345750087	
8.330563419	
9.555588391	
7.5431472	
25.68089272	
-1.467371772	
-1.288816598	
-1.6	
0	
-1.149526634	
-1.430275587	
19.44823609	
-1	
-0.729423716	
1.256114856	
0	
0	
0	
0	
13.59849518	
11.88449957	
6.486387105	
15.71323639	
4.173334417	
9.791198376	
14.80144653	
12.59076232	
8.462081538	
4.994994105	
12.24453714	
8.582108358	
8.372611361	
21.31086643	
-1.861630795	
2.095398303	
-0.758439076	
2.258726758	
-1.13051593	
0	
16.66751646	
-0.995048113	
-1.197591361	
-1	
0	
0	
0	
6.259094806	
2.629839825	
2.222612957	
1.384236041	
1.61609361	
3.086293923	
1.70671384	
-0.700339597	
2.852519852	
2.593131948	
3.606775354	
10.31402435	
4.660946231	
4.248344773	
2.348950842	
-1.845407752	
-2.782610812	
-1	
-1.942431614	
-0.599943818	
3.800061099	
0	
0.05512257	
0	
0	
0	
0	
0	
0	
5.873896093	
6.929998619	
6.367500606	
7.276531834	
10.0287796	
4.890484796	
6.705330735	
1.229719943	
2.473112612	
8.085668381	
2.302674493	
4.399342092	
4.940102979	
1.665175544	
-1.9	
0.152387832	
-0.443139212	
-1.928114643	
-0.823049492	
-1.6	
12.16030427	
4.370562604	
0	
0	
0	
0	
0	
0	
13.66918822	
14.64772473	
17.846834	
9.889555361	
12.71570915	
10.76754944	
31.27782775	
23.61817405	
28.12956379	
21.05224124	
22.44727917	
31.24237996	
20.6392571	
40.50495657	
1.008587441	
-1.127334213	
-0.875359105	
-0.06244818	
0.115219663	
-1.404707589	
7.726059839	
-0.680472676	
-0.251097397	
-0.179427313	
2.481241901	
-0.310137392	
-3.43940005	
0	
11.63047489	
8.311843503	
8.7635985	
10.70397114	
8.761694677	
11.83503986	
8.008234861	
10.32544381	
11.18090168	
8.376051064	
10.67681666	
10.08305435	
17.17911623	
8.587398843	
-2.651348506	
-5.650738199	
-1.21741348	
-2.328415961	
-1.188599821	
-5.745377747	
12.15231617	
0.773533594	
0	
0	
6.153049898	
-0.605803505	
0	
0.975065193	
2.541406385	
3.076558298	
0.645237539	
2.284154212	
1.899981558	
1.885770027	
0.666954425	
10.81334677	
10.78082601	
6.536258289	
6.944052138	
7.76311608	
19.15348575	
5.029129592	
-8.359346489	
-1.035304791	
-5.397125076	
-4.040138775	
-3.916445341	
-1.50123499	
-3.287834047	
-2.152995987	
-3.04	
-0.448612692	
-0.960754608	
0.95931363	
-0.600832844	
-3.481906882	
6.727012341	
1.375162268	
4.773332139	
7.558946726	
7.080415264	
5.501874918	
-4.56245907	
6.84264286	
9.11050841	
5.876595565	
3.531751751	
5.935729088	
15.73434452	
6.454855127	
0.438858369	
-3.506973018	
-0.824921278	
-2.288662433	
-2.822968769	
-3.99606866	
-1.224349547	
-0.298676634	
-0.858988206	
-3.143792865	
0	
-0.739145856	
0	
0	
19.78038771	
15.01930547	
3.626402397	
9.651897051	
4.051156663	
10.86017459	
25.76261342	
6.665814002	
5.87332589	
2.989866795	
20.35050537	
6.391207586	
3.992713004	
7.339490264	
0.784963544	
-1.43601477	
7.300588319	
0.368512976	
-1.73459529	
0.024300389	
0.155057947	
-1.826061038	
0.176257794	
0	
0	
0	
0	
0	
11.09538042	
6.241089443	
3.731987386	
8.016211098	
7.612926492	
12.94353652	
6.278334695	
2.352694253	
0.355242412	
5.413904954	
14.4938088	
9.036993121	
0.713642529	
3.312431887	
1.600599446	
0.115664408	
-2.904414248	
0.086159242	
-1.290586048	
-1.318114673	
9.268017767	
-2.65416494	
-1.05891495	
-1.581398332	
-0.338995433	
1.127183442	
0	
0.938194732	
4.176334044	
5.095647753	
6.294178397	
7.193834861	
0.576421191	
3.829795839	
5.147955976	
3.169966614	
13.44171687	
1.487571974	
0.2990704	
7.252429726	
4.128910268	
-1.966711775	
-0.960870743	
2.285002737	
-4.048144147	
-1.6	
-0.688258227	
-1.569337754	
0.866248498	
-1.799906833	
0	
0	
0	
0	
3.481801198	
-0.065217123	
4.875400555	
6.094921799	
5.984588613	
4.579799516	
3.534668371	
11.87817	
4.169503391	
2.534233322	
5.271399893	
6.916800343	
8.942755487	
9.56011368	
4.120699234	
-2.771779422	
-1.145673226	
-1.048538248	
-3.10538233	
-3.759334258	
-1.09	
-2.249000601	
-0.500681379	
0.144301502	
0	
0	
0	
0	
0	
0	
5.775724395	
2.397733957	
4.732409819	
13.08599822	
3.438457369	
2.899457165	
29.02816146	
2.478141209	
-0.058612949	
13.90747186	
2.09972885	
0.130498582	
3.485810217	
2.888930903	
9.548565498	
0	
0	
0	
-2.305116079	
0	
1.249617179	
0.960356391	
0	
0	
0	
0	
0	
0	
4.456437997	
3.738202386	
4.389372036	
17.49160044	
8.426447947	
6.510233638	
3.435128045	
5.268802476	
3.050541447	
1.030151945	
0.299764914	
5.486385546	
-0.465154206	
8.837514961	
-0.5712065	
-0.586635589	
-0.197654991	
-1	
0.187086226	
-1.281007275	
-1.894294931	
-1	
0	
0	
0	
0	
0	
0	
4.46677452	
4.669527608	
2.11609507	
6.424834521	
4.752692472	
10.52649048	
6.54375383	
-0.317154787	
-0.3823503	
-2.812737783	
3.970583436	
4.797898832	
6.965729792	
1.487760289	
-2.729180234	
-1.372265502	
-2.594145446	
-3.674713519	
-2.365593934	
4.066519113	
-1.559353375	
-1	
0.764124695	
-1.336525822	
-1.6	
-0.390881144	
-0.859383539	
-1.252986182	
1.89042529	
3.562261917	
3.650565574	
4.023073194	
3.56163525	
8.236259493	
3.0478346	
2.052625287	
-0.689373167	
0.09825057	
1.19061498	
7.847793188	
0.002138476	
-1.427647952	
-0.122043205	
-2.481729997	
-3.453137748	
-2.760990032	
-2.960466074	
-3.197073501	
-0.467994528	
0.533721024	
0	
0.157072562	
0	
0	
-0.469752915	
-0.469321324	
2.884341853	
4.766722183	
5.081607368	
13.01775994	
2.263635821	
2.178198572	
4.190234275	
8.653080456	
-0.038998752	
1.062458739	
1.071673458	
-0.282632745	
2.146086883	
1.74360142	
4.783774284	
-2.5	
-2.084314431	
-1.9	
-0.934743428	
-1.170993157	
0.257960759	
1.196622477	
0	
0	
0	
-0.282439551	
0	
0	
2.487006295	
2.675556418	
5.725851232	
3.073726401	
3.00835185	
3.142890097	
21.58619919	
0.325140493	
0.979322833	
3.868210289	
2.982672495	
-0.53390034	
0.924870978	
-2.316470585	
-1.9	
-3.290832732	
-2.433410188	
-3.268779388	
-2.008901797	
-2.797673565	
5.750655508	
-0.652724461	
-2.439784936	
-1.079989588	
0.113377015	
0	
0	
0	
3.087396563	
3.725944732	
4.84655375	
0.591010236	
1.81686696	
4.24209654	
17.5765349	
-0.133359776	
4.497516041	
-0.579190288	
-2.462524172	
-0.010613555	
0.901388176	
-0.690871224	
-1.6	
-2.290642581	
-1.929366875	
0.994220473	
0.424473048	
1.933060212	
0	
-1.6	
-0.389100659	
-0.030980312	
-0.695065598	
-1.031002938	
-0.007201346	
0	
-0.339208914	
-0.558448444	
1.152261112	
1.482170188	
0.085327823	
8.954486186	
-4.670721657	
5.765034853	
0.078142248	
0	
1.569062995	
-0.651668573	
0.285306308	
-2.278967236	
-2.656634343	
-2.561962544	
-2.01865753	
-1.739151503	
-2.71912308	
-2.084528987	
-1.827191891	
-0.49460169	
-1	
-1	
0.2	
-1	
0	
0	
0.427719058	
-1.296273977	
9.245168137	
2.458034808	
0.377451249	
2.226686282	
1.595254283	
0.924803342	
1.891082459	
-0.965779259	
1.425117395	
-0.08086189	
-0.664274409	
1.028863853	
-0.130573173	
-2.886804477	
-2.769710492	
-1.198536108	
-1.9	
-3.600202098	
-1.110948521	
-0.6	
0	
0	
0	
0	
0	
0	
-1.540391115	
18.37517622	
0.630241139	
4.196090349	
1.831445139	
0.744411461	
1.488634961	
2.059029225	
-0.120730855	
-0.379108703	
0.566259665	
0	
-0.075559947	
-0.214411547	
-4.101497046	
-2.074794573	
-2.557613462	
-1.804879781	
-2.370875931	
-2.288139807	
2.972324445	
-1	
-1	
-1.029515248	
-0.032261341	
0.282443408	
0	
0	
0.479786503	
7.064446431	
0.703920199	
-0.338844792	
3.375149045	
3.925926163	
3.437030172	
-1.313500051	
4.030242513	
-0.595858679	
-0.146398936	
0.773130361	
-0.566013756	
-0.630242768	
-1.716862334	
-3.464254	
-2.011563021	
-2.5	
-0.83545216	
-1.593184447	
3.058953606	
-1	
-1.026072229	
0	
0	
0	
0	
-0.147918218	
-0.970568223	
-1.659464562	
-1.249165064	
-2.050030631	
-2.671089722	
9.407797943	
-4.837842994	
1.129160416	
0	
-0.165914286	
-0.536339811	
0.298569233	
1.10104776	
1.427335697	
-2.275769339	
-2.12871634	
-1.247162479	
-2.813092129	
-2.82641353	
-2.735136039	
-2.228987621	
-1	
-0.022897341	
0	
0	
0	
0	
0	
1.646260464	
1.091705529	
-0.433251248	
5.668932472	
2.96746228	
-0.032550295	
0.191868402	
-2.774639028	
-4.533916191	
-4.169940615	
-4.615438768	
-3.638663993	
-3.264307039	
-3.909649933	
-4.67891025	
-7.207727628	
-6.443162029	
-5.55716519	
-8.092045179	
-6.754935812	
-2.432258737	
-1.965916625	
-2.091461802	
-3.974555625	
-3.193284643	
-4.079365915	
-2.588386642	
-2.313867448	
4.241197795	
4.875232711	
-1.791576186	
3.367229648	
3.34271976	
7.093030438	
18.38962285	
-7.215718259	
-5.258310345	
-7.965985278	
-3.732133724	
-5.01932158	
-5.23715253	
-5.810227536	
-6.789168319	
-7.307580052	
-9.167197082	
-5.838072186	
-1.467329106	
-6.891814767	
-5.764905301	
-2.113384238	
-1.413337668	
-1.6	
-1.215724853	
-2.66089485	
-1.724340715	
-0.966387687	
3.532368358	
4.39818448	
1.486187318	
6.855467329	
6.107255368	
6.106876932	
13.76791445	
-4.47276522	
-4.826227406	
-4.981317859	
-5.643304663	
-4.65542717	
-3.283677273	
-5.007592584	
-8.144529156	
-5.915700061	
-7.759763618	
-9.466791896	
4.865804941	
-4.331580845	
-6.735813127	
-2.994143696	
-4.429734527	
-4.473627697	
-3.802684433	
-3.413342975	
-2.901167216	
-2.226156276	
-0.600622404	
-1.710496956	
0.128937156	
0.03959302	
-0.876994205	
6.127506096	
2.242936355	
-3.233104569	
-3.952823885	
-4.041429849	
-4.281992975	
-3.693207964	
-4.483401186	
-5.122470729	
-8.06720072	
-7.925292265	
-9.073667617	
-9.23594735	
-8.836628116	
-4.215437854	
-0.55655525	
-3.149460941	
-2.67653009	
-2.538553025	
-2.974627055	
-3.08760399	
-1.519224643	
-2.764795194	
0	
0	
0	
0	
0	
0	
0	
0	
0	
0	
0	
0	
0	
0	
0	
0	
0	
0	
0	
0	
0	
0	
0	
0	
0	
0	
0	
0	
0	
0	
0	
0	
0	
0	
0	
0	
0	
0	
0	
0	
0	
0	
0	
0	
0	
0	
0	
0	
0	
0	
0	
0	
0	
0	
0	
0	
0	
0	
0	
0	
0	
0	
0	
0	
0	
0	
0	
0	
0	
0	
0	
0	
0	
0	
0	
0	
0	
0	
0	
0	
0	
0	
0	
0	
0	
0	
0	
0	
0	
0	
0	
0	
0	
0	
0	
0	
0	
0	
0	
0	
0	
0	
0	
0	
0	
0	
0	
0	
0	
0	
0	
0	
-1.528632017	
1.461455009	
-4.459560688	
1.283056445	
1.335378663	
1.652138417	
15.93425502	
2.491139503	
2.476559948	
0.656279133	
-0.92890756	
16.09002065	
5.584959287	
13.29405134	
0	
0	
0	
0	
0	
0	
0	
0	
0	
0	
0	
0	
0	
0	
2.61668688	
-1.092958271	
-3.085397982	
2.573053002	
-1.074313304	
3.166345845	
13.74160461	
1.455941318	
-0.831481079	
7.223547878	
-2.13489667	
-0.038825745	
2.94104408	
19.38994662	
-1.519	
-1.09	
0	
0	
0	
0	
0	
3.443622233	
0	
0	
0	
0	
0	
2.922203081	
3.058355446	
0.246910101	
0.940775576	
-3.014387564	
-3.84046392	
-3.359996496	
8.701698947	
4.310198955	
-2.522311676	
7.163588862	
6.700463639	
-2.999944672	
-1.566431169	
0	
-1	
0	
0	
0	
0.236375671	
0	
0	
1.126964621	
-0.816362433	
0	
0	
0	
-1.6	
0	
-0.116892799	
-1.052274067	
-4.298173741	
3.721617314	
5.217404788	
-1.954419997	
18.38007455	
0.271897749	
-2.27441702	
4.952446046	
1.852761859	
3.240431797	
0	
18.17774067	
0	
0	
0	
0	
0	
0	
0	
0	
0	
0	
0	
0	
0	
0	
7.812999714	
10.57289571	
7.422380467	
6.173892843	
8.046887397	
6.678567853	
24.58534333	
7.78070169	
0.412658698	
5.005457253	
17.37981965	
4.436376031	
3.695505474	
12.62190108	
1.216924751	
0	
0	
0	
0	
0	
0	
0	
0	
0	
0	
0	
0	
0	
13.81948735	
14.9107277	
8.928690799	
8.272810113	
11.86935831	
14.23103261	
28.16162248	
6.986844455	
11.57663246	
10.43043711	
5.874146271	
3.165153761	
7.564102795	
33.89145203	
1.663404896	
-2.039062575	
2.473513992	
0	
0	
0	
0	
1.123871957	
0	
0	
0	
0	
0	
0	
3.680102544	
6.365167747	
9.357550144	
1.732869791	
2.786078352	
3.362018438	
8.224874303	
6.575430313	
3.928004013	
5.849524796	
5.205328799	
3.567354236	
4.766060613	
19.46196247	
-1.6	
-0.971643267	
-1	
-0.827410245	
0	
0	
0	
-2.44	
-1.489248613	
0.54212027	
0	
0	
0	
0	
7.556825351	
8.627724483	
9.369082263	
6.178579629	
9.212075447	
12.29968065	
26.4909029	
1.386410045	
5.21151799	
5.516096366	
0	
4.923756244	
4.766322502	
34.28615611	
-3.391	
0	
0	
0	
1.188969723	
0	
0	
-1.6	
0	
0	
0	
0	
0	
0	
10.10279732	
3.98510166	
8.849805273	
7.134582786	
3.908174048	
10.87774019	
24.64831805	
9.426914982	
5.561252386	
7.326876177	
11.36959023	
10.70495567	
7.913500338	
25.78912145	
-1.9	
-1.111292158	
-0.709937179	
2.771732676	
0	
-1	
0	
6.994515106	
0	
0	
0	
0	
0	
0	
14.26262573	
15.83838376	
12.517843	
14.1839395	
15.33511207	
9.951507196	
29.96815449	
17.48114573	
18.98561447	
7.162430635	
11.85245451	
10.84116662	
10.66666162	
28.18070962	
1.219602913	
-0.110556147	
1.964237847	
4.788536026	
-0.812062212	
0	
29.32129898	
-0.9787861	
-1	
0	
4.450746831	
3.345325452	
0	
0	
6.279615593	
1.341526044	
5.387463768	
2.373472846	
1.008976992	
3.365803061	
5.175697683	
4.280158001	
6.645889265	
3.422224541	
6.109516985	
1.192528753	
7.015693896	
12.53091615	
-1.9	
3.539887986	
0	
0	
0	
1.013463264	
1.188496233	
0.990156843	
0	
0	
-1	
0	
0	
0	
16.65682327	
18.8424743	
10.69472613	
11.44094243	
12.2172309	
14.73355923	
30.94964914	
17.24241	
18.47024797	
10.50020422	
14.55547401	
13.13066183	
16.12268657	
34.46962714	
-1	
-3.886932362	
-0.531082447	
-1.092635122	
-0.021212973	
-1.042223967	
0	
1.672263887	
0	
0	
-2.718232136	
0	
0	
0	
20.28060506	
9.074713849	
12.20295456	
13.92777429	
11.18905377	
14.45170115	
12.73083558	
13.63317487	
13.37758842	
24.32124777	
13.87117942	
15.22150271	
13.4436767	
11.15423475	
-2.268594496	
-3.736	
-1.903359937	
-1.613092186	
-2.00185	
-1.54930867	
5.025148208	
-5.0185	
-2.584	
8.384797237	
0	
0	
-0.964762225	
1.5843462	
17.3770563	
18.48782225	
18.65395032	
16.67314779	
12.386028	
14.22560311	
26.46523853	
27.74295627	
23.26118743	
24.29237278	
24.43018173	
26.06190557	
26.97720444	
37.0913464	
-1.569969193	
-3.010579055	
-3.697362267	
-0.931089112	
-6.535790545	
-3.378813146	
14.78536855	
14.75920845	
3.973005464	
-1.811453746	
0	
2.415375981	
-0.968857166	
0.083901644	
9.867055235	
5.249761803	
5.810606441	
5.781117416	
5.928634667	
6.50634878	
3.855990624	
10.73375798	
11.658307	
13.74247173	
13.7006313	
5.959953254	
12.88333007	
8.761357099	
-1.783867601	
4.225854419	
-1.664256216	
-1.94016067	
-1.094070988	
1.682123598	
-2.375531357	
-1.716585614	
-0.387894965	
-2.056668898	
-0.014137426	
3.494432838	
1.266728307	
-3.121945547	
20.33312031	
18.42436351	
15.05668572	
13.24311938	
12.31371176	
18.36531956	
18.25486943	
26.46231942	
21.02632431	
23.71954478	
28.97547744	
24.74417972	
21.47264208	
29.89825697	
-0.19072453	
-0.660603112	
1.718210737	
-1.141136843	
-0.747102206	
-3.466040785	
10.0034177	
0	
0	
5.204654267	
-0.068071287	
-0.288048603	
0.385614585	
0	
19.36104867	
5.445603729	
11.62097236	
10.82238688	
11.43121429	
8.909951527	
10.2151628	
7.304103911	
2.068182039	
1.564698295	
11.55085333	
5.56176799	
-0.965770318	
7.361284706	
-1.9	
-0.700643005	
0.494281059	
3.420514905	
-0.540515693	
-1	
12.17713107	
-1.311273321	
-1.6	
0.287792921	
1.910501295	
0	
0	
0	
18.52378566	
10.63208714	
11.82448927	
18.2812466	
8.319453801	
9.456032157	
17.9916823	
5.174111695	
10.77786617	
7.339868354	
11.46951306	
3.713648923	
5.22387038	
1.891235632	
-1.164740819	
-2.398377282	
-1.9	
0.433958076	
-0.468859361	
-2.679771943	
15.4080536	
0.701698706	
0	
3.761483718	
-0.092565743	
0	
0	
0	
4.114815358	
6.227815052	
6.951669805	
5.646253773	
3.664637383	
11.43233502	
3.430185849	
3.170869935	
5.840861477	
7.506428515	
3.896466512	
5.01187014	
4.926282524	
-0.238265017	
-2.779420147	
-1.974457959	
-1.640850141	
-2.775094046	
-0.823343565	
-4.752777725	
1.302216401	
-0.814792974	
1.534216354	
0	
0	
0	
0	
0	
9.666028124	
12.97290211	
10.37802202	
10.94819317	
7.749848644	
12.08365962	
16.48174251	
1.948709374	
0.105335671	
0	
11.17435958	
0.627853166	
2.10939089	
3.725363866	
-2.485257681	
-1.220724111	
-1.193092229	
-1	
-2.572737466	
-1	
1.103079009	
0.754331781	
-1.6729	
0	
0	
0	
0	
0	
9.4285805	
5.879031451	
12.37519716	
6.466303703	
5.478648135	
0.009611437	
6.390183054	
1.295512527	
7.433333707	
2.527857059	
1.619796134	
-0.142105627	
1.312610584	
-1.108936753	
0.699780919	
-1.880601424	
0.660997943	
8.575113363	
0	
-1	
-0.673209155	
0	
0	
0.338796994	
0	
0	
0	
1.119040777	
8.263944905	
7.994779945	
6.989175321	
14.53305121	
6.877290462	
8.861799087	
13.96741594	
5.715946138	
8.819707497	
0	
-1.420587026	
0.602397636	
0.643420628	
0.639907218	
0.980552516	
-1.881707207	
-2.438301626	
-3.350401797	
-0.88695387	
-0.75549235	
-2.514242156	
-2.44	
-1	
-0.941766467	
-0.915549235	
-1.16733668	
0.69865067	
0	
1.31597746	
10.51204257	
1.81294045	
2.077020674	
4.076341751	
3.915156004	
5.724216456	
2.316643218	
-0.439123684	
-1.085500683	
1.720559233	
16.68585175	
0.785477646	
2.864095555	
-1.879478085	
-0.716508788	
-1.936478642	
-1.6	
-0.046578392	
-0.30529629	
3.733933473	
-0.175450106	
-0.032078809	
-1.094609349	
0	
0	
0	
0	
9.276181988	
0.22523167	
1.919475137	
12.71378519	
6.406109121	
4.436135121	
7.571302577	
2.018118753	
2.203999918	
0.696796593	
0.754394113	
5.98269646	
2.661555335	
-0.6	
-1.93214541	
-1.966199498	
-4.34108553	
-0.583364898	
-1.027127967	
-0.75817915	
1.840876999	
0.397849444	
0	
0	
-1.144	
0	
0	
-0.283309356	
3.59859588	
-2.279560475	
8.083649776	
4.103600898	
3.575996148	
1.203030586	
4.522990826	
-0.286631411	
1.391030248	
0.645596187	
7.78246244	
3.156368371	
0.977039073	
0.099366366	
-0.258013353	
-1.9	
0.776343593	
-0.338123323	
-1.903141739	
-0.931192399	
-0.918253309	
-1	
0	
0	
0	
0	
0	
0	
0.192276347	
7.216505611	
7.478756938	
8.765883632	
9.781655172	
4.84759214	
25.92358349	
-1.186062548	
10.26003063	
-0.342573001	
0	
2.045621444	
3.89567586	
1.757252395	
-4.29178742	
-2.172881516	
-4.030285554	
-3.555117089	
-3.680530524	
-3.363191422	
4.04487733	
-1	
0	
0	
0	
0	
0	
-0.040756187	
0.500924221	
8.739471798	
-0.300136928	
5.280925274	
4.596957102	
5.460232493	
-1.399877063	
3.034941694	
8.809658479	
-0.84771428	
-0.500013884	
1.87199955	
-0.6	
-0.564926874	
-1.9	
0.308092179	
-2.44	
-0.201964966	
2.177576909	
0	
0.985112717	
-2.101558206	
-0.655214728	
-0.742461888	
-1	
-0.427502343	
-1.020887207	
0	
1.086931544	
5.164741856	
6.866225748	
1.089376325	
3.09783807	
4.461969828	
27.17275483	
1.761151897	
2.098876265	
2.254253844	
1.966735273	
-0.729903124	
4.829805077	
-1.03524022	
-1.931492909	
-1.064898661	
-1.169056643	
-2.625242276	
-1.010144669	
0.034889077	
-1.564301351	
-0.092645337	
0	
0	
0	
-1.089124289	
0	
0	
0.582594366	
-1.679690579	
-0.002442154	
10.68791214	
-0.05911999	
1.513825835	
-1.076728232	
0.649524107	
-0.368944873	
-0.513606261	
2.0241823	
-0.363488888	
0.196215355	
0.336150525	
-2.256233306	
-1.722249215	
-2.115163491	
-1.434988259	
-1.6	
-3.290933654	
0.085214329	
-0.349875299	
-1.013210048	
0	
0	
0	
0	
-0.60488885	
4.454313467	
1.538573175	
3.541724312	
3.283109563	
15.95139176	
-1.60861993	
4.345520314	
0.782116518	
-0.13179282	
-0.164679541	
4.759383496	
0.182464612	
-0.417345371	
-1.15502427	
-1.9	
-1.122971332	
-4.495278035	
-2.119934392	
2.750924456	
-1.047832014	
-1.172511577	
-0.6	
-2.435178706	
-0.205986544	
-1.032223362	
0	
0	
0	
2.656608287	
4.077396207	
-0.036223509	
-0.430107776	
11.12671677	
3.01748088	
5.468685627	
1.840493823	
4.888640205	
0.040293463	
-0.708951619	
2.064637377	
0.106499363	
-2.032875138	
-2.022558625	
1.701473341	
-2.90640078	
-3.662955389	
-2.767369923	
-1.634580665	
-1.558791222	
-2.44	
-0.69342	
-1.6	
-2.882588696	
-0.142022511	
0	
0	
2.60681686	
3.70361091	
-3.191676798	
3.021172986	
-0.074126217	
11.40261632	
-0.834846307	
-0.118456068	
-0.088440231	
2.707429826	
-0.19764656	
-1.764239502	
0	
-0.009505048	
-2.571136391	
-2.336039583	
-2.422897141	
-2.82533161	
-3.636316135	
-4.662302612	
-2.598112501	
-1	
-0.116895178	
-1.582130369	
0	
-1.578531434	
0	
0	
-0.286767741	
-0.164539684	
9.653101892	
3.970064008	
1.437254257	
1.864708724	
0.866967249	
0.137966349	
-2.506638134	
-2.335433103	
-2.410718132	
-2.429114231	
-3.328049023	
-1.05518772	
-0.459574186	
-8.694055572	
-2.616371688	
-3.276886047	
-5.73297084	
-5.316981329	
-2.911392493	
-0.202541249	
-0.7	
-0.422161724	
-0.124811977	
-1.213933589	
-0.795398065	
-0.484237442	
5.413057601	
8.435952891	
2.607833025	
6.369828762	
4.587500089	
6.138823669	
22.50557295	
-4.861589318	
-5.270724905	
-4.407338484	
-5.125095475	
-1.792796096	
-3.950772913	
-3.779174224	
-9.434101919	
-8.004458286	
-8.05621239	
-7.660337593	
-8.664433028	
-5.408525625	
8.768402837	
-2.323859649	
-2.138743467	
-3.672993219	
-2.477901567	
-2.553560414	
-2.514595551	
-3.035686486	
-0.547393661	
3.210619751	
-1.193106086	
5.210325474	
2.572399223	
2.053343588	
18.91298973	
-3.400374848	
-3.011226626	
-3.616964646	
-3.665218902	
-0.609573623	
-3.560689522	
-3.564070721	
-5.906833127	
6.197854506	
-7.035582716	
-5.866104371	
-2.943626842	
-3.331918881	
-2.588302101	
-2.240160315	
-1.980489106	
-1.030936609	
-2.20000663	
-1.053137015	
-3.428290959	
-1.883325436	
-1.053334361	
-0.133369605	
0.76127402	
4.477493822	
-1.697915522	
4.407787242	
1.096151572	
-4.794267298	
-4.579181308	
-3.791854656	
-3.480046386	
-5.048913204	
-3.922405972	
-4.466949354	
-8.303858597	
-8.630943318	
-5.735962438	
-11.09732867	
-9.706608063	
-6.634731654	
4.2718342	
-1.675650085	
-1.158355734	
-1.192329644	
-1.336957364	
-0.966004613	
-1.265813283	
-2.319102274	
0	
0	
0	
0	
0	
0	
0	
0	
0	
0	
0	
0	
0	
0	
0	
0	
0	
0	
0	
0	
0	
0	
0	
0	
0	
0	
0	
0	
0	
0	
0	
0	
0	
0	
0	
0	
0	
0	
0	
0	
0	
0	
0	
0	
0	
0	
0	
0	
0	
0	
0	
0	
0	
0	
0	
0	
0	
0	
0	
0	
0	
0	
0	
0	
0	
0	
0	
0	
0	
0	
0	
0	
0	
0	
0	
0	
0	
0	
0	
0	
0	
0	
0	
0	
0	
0	
0	
0	
0	
0	
0	
0	
0	
0	
0	
0	
0	
0	
0	
0	
0	
0	
0	
0	
0	
0	
0	
0	
0	
0	
0	
0	
-1.184185879	
1.557731818	
3.654912879	
-1.163775441	
1.829006411	
-0.387279569	
25.97833009	
0.853617656	
9.984405247	
4.209363104	
2.039776504	
6.966829132	
2.737628104	
29.43440182	
-1.6	
-1.6	
0	
0	
0	
0	
0	
-1	
-1	
-2.44	
0	
0	
-1.6	
0	
4.422964468	
0.291352902	
4.344193751	
-5.065902336	
3.521577152	
4.494927635	
17.82429616	
1.617027783	
4.923079966	
-0.625722836	
3.393021885	
1.941707753	
15.76857451	
13.37003567	
-1.9	
5.393210491	
0	
-1	
0	
0	
0	
0	
0	
0	
0	
0	
0	
0	
1.102022059	
0.373483551	
-1.165430843	
0.521977992	
-0.506839989	
-6.384423286	
16.44072638	
4.549281895	
0.573203895	
-0.66824469	
3.016661326	
-0.432152103	
-2.303980211	
18.78305492	
-0.352866019	
0	
0	
0	
0	
0	
0	
0	
0	
0	
0	
0	
0	
0	
9.038803558	
2.349140997	
9.570250669	
6.051372509	
5.569796955	
1.840135916	
23.83782531	
0.358582449	
-1.505101965	
5.327180581	
9.266517791	
1.639075108	
-0.034096515	
0	
-0.650307044	
2.386713135	
0	
0	
0	
0	
0	
-0.905030704	
0.237476771	
0	
0	
0	
0	
0	
4.776301653	
2.90692111	
11.07041093	
2.341158279	
5.943855869	
11.4322793	
24.98805615	
10.97940335	
5.145597893	
10.96336314	
8.874475966	
10.91982627	
6.986350069	
32.8766515	
3.368448149	
0	
0	
0	
-1.121577296	
0	
0	
-1	
0	
0	
0	
0	
0	
0	
8.240676296	
11.27462478	
9.133963975	
8.783332383	
9.815275486	
9.394053792	
7.590179183	
9.5487974	
5.840586221	
4.680196003	
11.22779565	
7.689859405	
11.01706353	
6.560414388	
-0.051718692	
-4.685969493	
-1	
-2.094111715	
-1.860440735	
-2.54064634	
1.512340388	
-0.266367852	
0	
0	
0	
0	
0	
0	
3.423204752	
0.751139096	
2.318453549	
0.362776174	
8.453665844	
-0.338130617	
3.216057337	
5.247769305	
4.193657253	
5.42071135	
10.0617374	
8.732101315	
6.650686025	
7.839062885	
-1	
-0.337767618	
0	
0	
3.199600413	
0	
0	
-1	
-0.162	
0	
0	
0	
-0.133004078	
0	
14.16542093	
12.70943837	
13.37725248	
11.63690417	
6.857072964	
13.30334306	
20.1290731	
1.66112142	
5.706262787	
7.669094131	
2.866580915	
4.970575721	
6.551174271	
36.09948751	
-0.468132971	
-1.599708228	
-1	
1.650313379	
0	
0	
0	
-0.503446027	
0	
0	
0	
0	
0	
0	
10.55307533	
10.22617478	
6.566010536	
6.970991871	
6.932002292	
10.66528354	
23.27564126	
7.911625251	
13.73121506	
7.699623289	
4.037911619	
8.382912097	
3.685507341	
31.0374439	
-0.342551	
-3.755030223	
-1.097587554	
-1.418566335	
-1	
-0.317089414	
0.103834362	
-0.496716541	
-3.09364565	
-0.061663441	
2.721466027	
-0.954611525	
-2.552855708	
0	
5.003727555	
4.250675721	
4.756265798	
4.616053018	
3.578982874	
3.009448389	
7.560466274	
3.698191398	
2.239027459	
2.358159574	
4.808135979	
2.670137383	
3.519480424	
4.134011209	
-2.022970794	
-2.125	
-2.95591392	
-1.717313954	
-3.975154307	
-0.978920733	
14.44670717	
0	
0	
0	
0	
0	
0	
3.431086945	
-1.138464461	
-0.470559095	
8.435200551	
-0.396226625	
-4.398078167	
0.732940475	
-2.131710799	
4.610758669	
3.478946092	
9.922889292	
1.881800652	
3.014674303	
-4.743828557	
4.405990502	
-3.31	
2.52338873	
0	
0	
0	
0	
0	
-1.877907157	
0.223984792	
0	
0	
0	
0	
0	
12.46710068	
15.90644344	
13.71038801	
9.423310813	
16.05340366	
11.73089596	
34.02067021	
15.343308	
17.50115364	
15.26989732	
12.0868637	
10.24481539	
9.403139184	
33.52272476	
-1.9	
-0.6	
-2.657199109	
-1.450758458	
-1.2736	
-0.499589733	
8.676061593	
0	
0	
0	
0	
0	
1.741252799	
2.280456694	
7.30433199	
9.584486302	
7.146730953	
9.385563423	
7.93766806	
11.07771482	
28.8328755	
25.69227367	
20.7526337	
28.53967663	
9.49889682	
27.51215678	
17.41003359	
34.2659512	
-1.945449557	
-2.324422308	
-1.502674031	
-3.370674304	
-4.314514269	
-1.90724274	
8.195524174	
-2.44	
-2.397297148	
-1.6	
-0.703386228	
-2.237270439	
-0.937912233	
3.792749557	
4.398011287	
5.774553504	
8.195934469	
7.557555231	
13.47708789	
2.966175941	
-3.3254621	
7.793163769	
8.743251155	
13.45436738	
7.932470885	
8.622683081	
6.883179025	
4.321548686	
-5.73199369	
-6.59848219	
-3.947728824	
-5.427048441	
-8.263533917	
-5.290514217	
-5.363811675	
-1.26480922	
-1.330096634	
-0.719327874	
-2.236517536	
2.574948241	
-1.016643356	
-1.913643971	
1.403984169	
-1.70178963	
12.00108862	
0.810535902	
0.135969331	
-3.548042515	
0.610150268	
20.06229994	
7.688057883	
5.071237791	
8.810446725	
12.5362857	
10.82374075	
6.662204522	
-1.225236088	
-4.688248139	
-0.349933306	
-2.803865977	
2.4883916	
-0.724433853	
-5.347390951	
-0.278237806	
0.401818087	
-1.777217041	
-0.22207235	
0	
0	
0	
16.09437363	
16.63121686	
14.92956095	
10.14315545	
16.05423923	
11.14546069	
16.044226	
23.8208286	
26.28628867	
26.70839994	
29.29465152	
26.40232112	
22.71043894	
27.18222482	
-2.892799512	
2.583525969	
-0.896044712	
1.194612285	
-3.395565716	
1.402008465	
17.61562347	
0.403194951	
-2.452296473	
-0.47575755	
-1.787749078	
-0.443414585	
0	
3.97851735	
8.408252988	
15.96007682	
13.96905803	
8.990815235	
11.11694387	
9.655159966	
8.170207324	
8.164600878	
7.888597025	
5.185740577	
4.153110381	
12.4140711	
6.983632479	
3.637886742	
-2.272931664	
-0.281916509	
0.917163037	
0.622488924	
-3.746051358	
-3.42893023	
10.59453052	
-0.655669099	
-0.858606953	
4.357816071	
1.143342214	
-1	
-1.031315731	
0	
8.26520828	
5.694010772	
4.103394329	
4.697322763	
5.780222368	
7.606687215	
0.948658917	
2.127133636	
10.08390755	
3.606987741	
2.064047112	
3.919669059	
5.554804621	
-1.67009049	
-2.051651609	
-3.31361495	
-1.99	
-1.812922823	
-2.576535859	
-3.75671569	
2.487478961	
-0.158927972	
-1	
1.156457727	
0.819496131	
-1.600487642	
-1.000475207	
-0.575193329	
5.239053878	
0.333963546	
7.562323397	
4.306160341	
15.0997616	
3.435575022	
-1.251046933	
1.789717448	
7.807918849	
3.862553014	
3.872938077	
6.038840979	
7.65348351	
3.455327082	
-1	
-2.419230862	
-3.03138152	
-0.597084131	
4.948319158	
-0.084599922	
-1.650808154	
-1.750952155	
3.563976922	
0	
0	
0	
0	
0	
7.85425523	
7.878516806	
16.49173536	
6.698300544	
6.268413251	
8.546303015	
2.861234253	
2.688960658	
10.10932183	
4.046336515	
6.05890133	
11.83790382	
4.50817734	
3.907074696	
-2.707566106	
0.01483846	
0.612521021	
-2.034813688	
-2.307254889	
-2.5	
9.076453362	
-2.42623	
-0.939424167	
3.491831059	
0	
0	
-0.921491064	
0	
9.170520482	
7.172243469	
11.59310829	
12.11423377	
7.44316692	
4.578078427	
27.62790848	
15.15282426	
3.460392475	
2.239977851	
3.70719611	
4.26805141	
2.093445387	
-0.276840405	
1.428341294	
-1.128527796	
-2.376837879	
-0.482277729	
-2.840415337	
-2.000692082	
9.697566561	
-0.6	
0.232558688	
0	
0	
0	
0	
0	
3.045089971	
4.712506759	
11.17721618	
5.864643532	
3.636211093	
2.386732138	
3.770551601	
-1.069800041	
1.201669619	
0.096723661	
-0.307999392	
0.559797628	
4.967302334	
2.307660283	
0.031058072	
-2.886745436	
-1.545631421	
-3.756931173	
-2.513499933	
-5.428491373	
-1.178334824	
-2.44	
-0.052287431	
-1.6	
-1.266379872	
0	
0	
0	
4.747500974	
5.063018511	
5.313245767	
0.348897073	
16.28577733	
8.748869638	
0.929779123	
-1.397270597	
1.654806892	
5.790526431	
-1.746246804	
0.563024798	
3.428640353	
-0.063684666	
-3.184232422	
-1.11108281	
-1	
-3.248818644	
5.107091364	
-1.964445541	
-1.043962332	
-1	
-1.121080448	
-1	
0	
0	
2.525643045	
0.527003327	
6.742086129	
5.47013871	
7.549507796	
3.870288431	
5.401478186	
11.2111264	
9.681328023	
-0.774455572	
0.2740155	
0.888879639	
1.735045566	
-0.073483719	
4.170993312	
2.166124826	
-3.381560411	
-2.5792	
-3.428269866	
-2.694324821	
-3.580883122	
-1.389506797	
4.390890723	
-0.829023465	
-2.582276145	
0	
0	
0	
0.762760374	
-0.2904489	
12.80855038	
0.857247302	
7.259815668	
10.75339955	
5.00525482	
6.077056022	
7.235599429	
-0.504354416	
-0.013565697	
5.092837988	
0.306420833	
-0.19142268	
0.447578589	
-1.361052396	
-0.264787819	
-2.470506934	
4.919234513	
0.135453758	
-1	
-1.9	
-0.718624376	
-0.012641864	
-0.984204344	
0	
0	
0	
0	
-0.284163995	
2.910890309	
-1.045744981	
2.530121474	
7.154062512	
3.16327806	
2.019022422	
-0.008241049	
4.963486876	
1.80500088	
0	
-0.066451754	
-0.730222616	
0.544827873	
-3.314036895	
-1.547226843	
-2.38410239	
-1.708291047	
-1.6	
-1.818914438	
-2.216625197	
-2.441112673	
0.296032293	
0	
0	
-0.992105901	
0	
0	
0	
4.226093913	
7.266163992	
12.20809836	
0.836816669	
6.179847914	
3.102943181	
4.971098561	
1.549953913	
0.844011766	
-1.09012884	
-0.226218397	
4.561128571	
0.429063963	
-2.804367712	
-1	
-0.675211276	
-1.831608872	
-0.730815691	
2.885631934	
-1.572484818	
0	
-0.28	
1.544412521	
0	
0	
0	
0	
0	
1.768580035	
4.966725416	
1.08594649	
0.809351426	
0.777063374	
8.723249231	
2.816781053	
1.602121561	
-1.036108505	
6.003603489	
0	
0.74179824	
-0.152783757	
0.091625404	
-3.535816527	
-1.723504889	
-4.446947639	
-1.98284114	
-2.327258854	
-1.846144945	
3.300584149	
0.360545721	
0	
0	
0	
0	
0	
0	
6.637719044	
4.160116023	
5.849575316	
11.72622621	
3.635382194	
2.606341944	
6.630567005	
0.528031375	
-0.206858395	
1.38816228	
7.966092236	
2.110801365	
1.748051039	
-2.176477778	
0.110708235	
-1	
-1.410473813	
-2.514390681	
-3.918815194	
-2.237761883	
-1.203977257	
-0.990427757	
-1.030450287	
0	
0	
0	
0	
0	
-3.628011418	
-0.659149322	
-0.656415824	
8.554578828	
1.427696399	
5.708814829	
1.441617434	
5.88831006	
1.513513188	
0	
1.82678087	
-0.170168001	
-0.541606011	
-1.334760541	
-1.977487819	
-1.9	
-2.431024559	
-0.844108239	
-2.023400451	
-2.714682034	
1.048799547	
-1	
-0.733816027	
-1.008813955	
0	
0	
0	
0	
3.797411165	
7.57789298	
0.310489809	
2.49622362	
3.273430409	
0.391089737	
9.543641532	
1.037780537	
5.476471048	
0.166651666	
-0.125243874	
-0.258890672	
1.106837309	
-2.567292632	
-3.177271204	
-2.532097051	
-1.518626778	
-2.44	
-0.90909411	
-0.5571988	
3.135193185	
-1	
-0.093680113	
-1.171	
-1.6	
0	
0	
0	
1.650403739	
2.198751579	
-2.069981904	
-1.279915355	
4.181659838	
13.23197188	
-0.029146763	
-0.100100235	
2.224657501	
1.67306054	
0	
0	
1.34075264	
1.070966793	
-2.333151946	
-2.450669288	
-2.817700386	
-3.028794958	
-3.212132924	
-3.853352748	
2.36496069	
-1	
-1.011649636	
0.07504494	
0	
0	
0	
0	
8.491053952	
6.891220378	
5.453974079	
0.796838949	
5.573986787	
2.786969828	
19.8636898	
-5.243994136	
-4.000200289	
-4.386140211	
-2.781195552	
-5.644680311	
-5.06284009	
-5.018294585	
-4.442693134	
-7.502348328	
-0.997630603	
-5.387843257	
-5.601632494	
-7.807421172	
-3.793281136	
-3.205992566	
-1.09	
-1.25283777	
-2.08946778	
-2.14480311	
-1.084038024	
-2.331017264	
5.649730753	
-1.951366638	
-1.405949696	
8.607685027	
-0.776029717	
1.160830367	
14.62437734	
-3.78968475	
-5.175512003	
-4.21602925	
-3.993363075	
-3.707425442	
-5.011883069	
-5.144018324	
-8.450966487	
-8.088405637	
-8.654154098	
-7.944841312	
-2.423534096	
-7.813545712	
-6.134017083	
-3.731155886	
-1.231304733	
-1.528882944	
-1.632663754	
-1.357358402	
-2.709168348	
-2.016128629	
5.826614005	
4.177447749	
-1.044776197	
2.083908385	
6.847896808	
5.993591114	
19.52454219	
-4.060772788	
-2.868255491	
-3.116149527	
-3.468765728	
-4.124306395	
-3.131596895	
-7.55928943	
-9.486276067	
-7.707961749	
-7.332350657	
-6.366834617	
5.484408261	
-4.805011186	
-4.985574892	
-3.25	
-0.676018295	
-2.084451701	
-0.448628603	
-1.206030839	
-1.254576497	
-1.754597707	
2.806987882	
6.507552758	
3.657648612	
2.755598144	
2.218871036	
0.130339178	
21.72595508	
-0.851406135	
-1.275660881	
-2.595031196	
-3.766383201	
-2.445671571	
-2.866931043	
-1.227272297	
-7.642906689	
-7.269804676	
-6.284566766	
-8.801055429	
-7.855366609	
-7.698842277	
3.593518024	
-1.775024827	
-1.213736606	
-2.061053815	
-1.253395236	
-1.793200318	
-3.623050478	
-2.318752637	
