0 	1
2 	0
3 	1
6 	1
7 	0
8 	0
11 	0
12 	0
13 	0
14 	1
15 	1
17 	0
18 	0
19 	0
20 	0
22 	1
23 	0
24 	0
25 	0
27 	0
28 	0
29 	0
30 	0
31 	0
32 	0
34 	0
35 	0
37 	0
39 	0
40 	0
43 	0
44 	0
46 	0
47 	0
48 	0
49 	0
50 	0
51 	0
52 	0
53 	0
54 	0
55 	0
56 	0
57 	0
58 	0
59 	0
60 	0
61 	0
62 	0
64 	0
65 	0
66 	0
67 	1
68 	0
69 	0
71 	0
72 	0
73 	1
75 	0
76 	1
77 	0
78 	0
80 	0
81 	1
83 	1
84 	0
85 	0
86 	1
87 	1
88 	0
89 	0
90 	0
91 	0
92 	0
93 	0
94 	0
95 	0
96 	0
98 	0
100 	0
102 	0
103 	0
104 	0
105 	0
106 	0
107 	0
108 	1
109 	0
110 	0
111 	0
113 	0
114 	0
115 	0
116 	0
117 	0
118 	0
119 	0
120 	0
121 	0
122 	0
123 	0
125 	0
126 	0
127 	0
128 	1
129 	1
130 	0
131 	0
132 	0
133 	0
135 	0
136 	0
137 	0
138 	0
139 	1
141 	0
142 	0
144 	1
145 	1
146 	0
147 	0
148 	0
149 	0
150 	0
152 	0
153 	0
154 	0
159 	1
160 	0
161 	1
162 	0
164 	0
167 	0
169 	0
170 	0
171 	0
172 	0
173 	0
174 	0
176 	0
177 	0
178 	0
180 	0
181 	1
182 	0
183 	0
184 	0
186 	0
187 	0
188 	0
190 	1
191 	0
192 	0
193 	0
194 	0
195 	0
196 	0
197 	1
198 	0
199 	0
200 	1
201 	0
202 	0
203 	0
204 	0
205 	0
206 	0
207 	0
208 	0
209 	0
210 	0
211 	0
212 	0
213 	0
214 	0
215 	0
216 	0
217 	0
218 	0
219 	0
220 	0
221 	0
223 	0
224 	0
225 	0
227 	0
228 	0
230 	0
231 	0
232 	0
233 	1
234 	0
235 	0
236 	0
237 	0
238 	0
240 	0
241 	0
242 	0
243 	0
245 	0
246 	0
247 	0
248 	0
249 	0
250 	1
251 	1
252 	0
253 	1
256 	0
257 	0
258 	0
259 	0
260 	0
261 	1
262 	0
263 	0
264 	0
265 	0
266 	0
267 	0
268 	0
269 	0
270 	0
271 	0
272 	0
273 	0
274 	1
275 	0
279 	0
281 	0
282 	0
283 	0
284 	0
285 	0
286 	0
287 	0
288 	0
289 	0
290 	0
291 	0
292 	0
293 	0
295 	1
296 	0
297 	1
298 	0
299 	0
300 	0
301 	0
302 	0
303 	0
305 	0
306 	0
307 	0
308 	0
310 	0
311 	0
312 	0
313 	0
314 	0
315 	0
316 	0
320 	0
322 	0
323 	0
324 	0
325 	0
326 	0
327 	0
328 	0
329 	0
330 	0
331 	0
332 	0
334 	0
335 	0
336 	0
337 	0
338 	0
339 	0
340 	0
341 	0
342 	0
343 	0
344 	0
345 	0
346 	0
347 	0
350 	0
351 	0
352 	0
353 	0
354 	0
355 	0
356 	0
357 	0
358 	0
359 	0
360 	0
361 	0
362 	0
363 	0
364 	0
365 	0
367 	0
368 	0
369 	0
370 	0
371 	0
372 	0
374 	0
375 	0
376 	0
377 	1
378 	0
379 	0
380 	1
381 	0
382 	0
383 	0
384 	0
385 	0
386 	0
387 	0
388 	0
389 	0
390 	0
391 	0
392 	0
393 	0
394 	0
395 	0
396 	0
397 	1
398 	0
399 	0
400 	0
401 	0
403 	0
404 	0
405 	0
406 	0
407 	0
408 	0
410 	0
412 	0
413 	0
414 	0
416 	0
418 	0
419 	0
420 	0
422 	0
423 	0
424 	0
425 	0
426 	0
427 	0
428 	0
429 	0
430 	0
431 	0
432 	0
433 	0
434 	0
435 	0
436 	0
438 	0
439 	0
440 	0
442 	0
443 	0
445 	0
446 	0
447 	0
448 	0
449 	0
450 	0
451 	0
452 	0
453 	0
454 	0
455 	0
456 	1
457 	1
458 	0
459 	0
460 	0
461 	0
463 	0
465 	0
466 	0
467 	0
468 	0
469 	0
471 	0
472 	0
473 	0
475 	0
476 	0
477 	0
478 	0
479 	0
481 	0
483 	0
484 	0
485 	0
488 	0
489 	0
491 	0
493 	0
494 	0
495 	0
496 	0
497 	0
498 	0
500 	0
502 	0
503 	0
504 	0
505 	0
507 	0
508 	0
509 	0
510 	0
511 	0
512 	0
515 	0
516 	0
517 	0
518 	0
519 	0
520 	0
522 	0
523 	0
526 	0
527 	0
528 	0
530 	0
531 	0
532 	0
533 	0
534 	0
535 	0
537 	0
538 	0
539 	0
540 	0
541 	0
542 	1
543 	0
544 	0
548 	0
549 	0
550 	1
551 	1
552 	0
553 	0
554 	0
555 	0
556 	0
558 	0
559 	0
561 	0
562 	0
563 	0
564 	0
565 	0
566 	0
567 	0
568 	0
569 	0
570 	0
571 	0
572 	1
573 	0
574 	0
577 	0
578 	1
579 	0
580 	1
581 	0
582 	1
583 	1
584 	0
588 	1
589 	1
590 	1
591 	0
592 	0
593 	0
595 	0
598 	0
599 	1
600 	1
601 	1
602 	0
603 	1
604 	1
605 	0
606 	0
607 	0
608 	0
609 	0
610 	0
611 	0
612 	0
613 	0
614 	0
615 	0
616 	0
618 	0
619 	0
620 	0
621 	0
622 	0
623 	0
624 	0
626 	0
627 	0
628 	0
629 	0
630 	0
631 	1
632 	0
634 	0
635 	0
636 	0
637 	0
639 	0
640 	0
641 	0
642 	0
645 	0
646 	0
647 	0
648 	0
650 	0
651 	0
652 	0
653 	1
654 	0
656 	0
657 	0
658 	0
659 	0
660 	0
661 	0
662 	0
663 	0
664 	0
665 	0
666 	0
667 	0
668 	0
669 	1
670 	0
671 	0
672 	0
673 	0
674 	1
675 	0
676 	0
677 	0
680 	0
681 	0
682 	0
683 	0
684 	0
685 	0
686 	0
687 	0
688 	1
689 	0
690 	0
691 	0
692 	1
693 	0
694 	0
695 	1
696 	0
697 	0
698 	0
699 	1
700 	0
701 	0
703 	0
704 	0
705 	0
706 	0
709 	0
710 	0
711 	0
712 	0
713 	0
715 	0
716 	0
717 	0
718 	0
719 	0
720 	0
721 	0
722 	0
723 	0
724 	0
725 	0
726 	1
727 	0
728 	0
729 	0
730 	0
731 	0
732 	0
733 	0
734 	0
735 	0
736 	0
737 	0
738 	0
739 	0
740 	1
742 	1
743 	0
744 	0
745 	0
746 	1
748 	1
749 	0
750 	0
751 	0
752 	0
753 	1
754 	0
755 	1
756 	0
757 	0
759 	0
760 	0
761 	1
762 	0
763 	0
764 	0
767 	1
768 	0
769 	1
770 	0
771 	0
772 	1
773 	0
774 	1
775 	1
776 	0
777 	0
778 	0
779 	0
781 	1
782 	0
783 	0
784 	0
785 	0
786 	0
787 	0
788 	0
789 	0
790 	0
791 	1
792 	0
794 	0
795 	0
796 	1
797 	0
798 	0
799 	0
800 	1
802 	1
804 	0
805 	0
806 	0
807 	0
808 	0
809 	0
810 	0
811 	0
812 	0
813 	0
814 	0
815 	0
816 	0
817 	0
818 	0
819 	0
820 	0
821 	0
822 	0
823 	0
824 	0
825 	0
826 	0
828 	0
829 	0
832 	0
833 	0
835 	0
836 	0
838 	0
839 	0
841 	0
842 	0
843 	0
844 	0
845 	0
846 	0
847 	1
848 	0
849 	0
850 	1
851 	0
852 	1
853 	0
854 	0
855 	0
856 	0
857 	0
858 	0
860 	1
861 	0
862 	0
864 	1
865 	0
866 	0
867 	0
869 	0
870 	0
871 	0
872 	0
873 	0
874 	0
875 	1
876 	1
878 	1
879 	0
880 	0
881 	1
882 	1
883 	0
884 	0
885 	0
886 	1
887 	0
888 	0
889 	0
890 	0
891 	0
892 	0
893 	0
894 	0
895 	0
896 	0
897 	0
898 	0
899 	0
900 	0
901 	1
902 	0
903 	0
904 	1
906 	0
907 	1
908 	0
910 	0
911 	0
912 	0
913 	0
915 	0
916 	0
917 	0
918 	0
919 	0
920 	0
921 	1
922 	0
923 	0
926 	1
927 	0
928 	1
929 	1
930 	0
931 	1
932 	0
933 	1
934 	0
935 	0
936 	0
937 	1
939 	0
940 	1
941 	0
942 	1
943 	1
944 	0
945 	1
946 	0
948 	1
949 	0
950 	1
951 	0
953 	0
954 	1
955 	0
956 	1
957 	1
958 	0
959 	0
962 	1
963 	1
964 	1
965 	1
966 	0
967 	1
968 	1
969 	1
970 	0
971 	1
972 	1
973 	1
974 	0
975 	1
976 	0
977 	1
978 	0
980 	1
981 	1
982 	0
983 	0
985 	0
987 	1
989 	0
990 	0
991 	0
992 	1
994 	0
995 	1
996 	0
997 	0
998 	1
999 	1
1000 	0
1001 	1
1001 	0
1002 	1
1003 	1
1004 	1
1006 	1
1007 	0
1008 	0
1009 	0
1010 	1
1011 	0
1012 	1
1013 	1
1014 	1
1015 	0
1016 	0
1017 	1
1018 	1
1019 	0
1020 	0
1021 	0
1023 	1
1024 	1
1025 	1
1027 	0
1028 	1
1029 	1
1030 	0
1031 	1
1032 	1
1033 	0
1034 	1
1035 	1
1036 	0
1037 	1
1038 	0
1039 	0
1040 	1
1041 	1
1042 	0
1043 	0
1044 	1
1046 	0
1047 	1
1048 	0
1049 	1
1050 	1
1051 	1
1053 	0
1054 	0
1055 	1
1056 	1
1057 	1
1058 	0
1059 	1
1060 	0
1061 	1
1062 	0
1063 	1
1064 	1
1065 	1
1067 	0
1068 	1
1070 	1
1071 	0
1072 	0
1073 	1
1074 	1
1075 	0
1076 	0
1077 	1
1078 	1
1079 	1
1080 	0
1081 	1
1082 	1
1083 	1
1084 	1
1086 	0
1087 	1
1088 	1
1089 	1
1090 	1
1091 	0
1092 	1
1093 	1
1094 	0
1095 	0
1096 	0
1097 	1
1098 	0
1101 	1
1102 	1
1103 	1
1104 	1
1105 	1
1106 	0
1107 	0
1108 	1
1110 	1
1111 	1
1112 	1
1113 	1
1114 	0
1115 	0
1116 	0
1117 	0
1118 	1
1119 	0
1121 	1
1122 	1
1125 	0
1126 	1
1127 	1
1128 	0
1129 	0
1130 	0
1131 	0
1133 	0
1135 	1
1136 	0
1137 	1
1138 	0
1139 	0
1140 	1
1141 	1
1142 	0
1143 	1
1144 	0
1145 	1
1146 	0
1147 	0
1148 	0
1149 	1
1150 	1
1151 	1
1154 	0
1155 	0
1156 	0
1157 	0
1158 	0
1159 	0
1160 	1
1161 	1
1162 	1
1164 	0
1165 	0
1168 	0
1169 	1
1170 	1
1171 	1
1172 	0
1173 	1
1174 	1
1176 	1
1178 	1
1179 	0
1180 	1
1181 	1
1183 	0
1185 	1
1186 	1
1187 	1
1188 	1
1189 	0
1191 	1
1192 	0
1193 	0
1194 	1
1195 	1
1196 	0
1197 	0
1198 	1
1200 	1
1201 	0
1202 	1
1203 	1
1204 	1
1206 	0
1207 	0
1208 	1
1209 	0
1210 	1
1211 	1
1212 	0
1213 	0
1214 	1
1215 	1
1216 	1
1217 	0
1218 	0
1220 	1
1221 	0
1222 	1
1223 	1
1224 	1
1225 	1
1228 	1
1229 	0
1231 	0
1232 	1
1233 	0
1236 	0
1238 	0
1239 	1
1240 	1
1241 	1
1242 	0
1243 	1
1245 	0
1247 	0
1248 	1
1249 	0
1250 	0
1254 	0
1255 	0
1258 	0
1259 	0
1260 	0
1261 	1
1262 	1
1264 	0
1265 	0
1266 	0
1267 	0
1268 	0
1269 	1
1270 	0
1271 	0
1274 	0
1275 	0
1276 	0
1277 	0
1278 	0
1279 	0
1280 	0
1282 	1
1283 	0
1284 	0
1285 	0
1287 	1
1288 	0
1289 	1
1292 	0
1293 	0
1294 	0
1295 	0
1298 	1
1299 	0
1300 	1
1302 	1
1303 	0
1304 	1
1305 	1
1307 	0
1312 	1
1313 	1
1314 	0
1315 	0
1318 	0
1320 	0
1324 	0
1325 	1
1328 	1
1330 	0
1331 	0
1332 	0
1333 	1
1334 	1
1335 	0
1338 	1
1339 	0
1340 	0
1341 	0
1342 	1
1343 	1
1345 	0
1346 	1
1347 	0
1348 	0
1350 	0
1352 	0
1353 	1
1355 	0
1356 	0
1357 	0
1359 	0
1360 	0
1361 	0
1362 	0
1363 	0
1364 	0
1366 	1
1367 	0
1368 	0
1370 	0
1371 	0
1372 	0
1373 	0
1374 	0
1375 	0
1376 	1
1378 	0
1379 	0
1380 	0
1381 	1
1383 	0
1385 	1
1386 	0
1387 	1
1388 	0
1389 	1
1390 	0
1391 	0
1392 	0
1393 	0
1394 	0
1395 	1
1396 	0
1397 	0
1398 	0
1399 	0
1400 	0
1401 	1
1402 	0
1403 	1
1404 	0
1405 	1
1406 	0
1407 	1
1408 	1
1409 	1
1413 	0
1414 	1
1415 	0
1416 	0
1417 	1
1419 	1
1420 	0
1421 	0
1422 	0
1423 	1
1425 	0
1427 	1
1428 	1
1429 	0
1430 	0
1431 	0
1432 	1
1433 	0
1435 	1
1436 	0
1437 	0
1438 	0
1439 	1
1443 	1
1444 	0
1445 	0
1446 	1
1448 	0
1449 	0
1450 	0
1451 	0
1452 	1
1455 	0
1456 	0
1457 	1
1458 	0
1460 	1
1461 	0
1462 	0
1463 	1
1468 	1
1469 	0
1471 	1
1473 	0
1474 	0
1475 	0
1476 	1
1477 	1
1478 	1
1479 	0
1480 	1
1481 	0
1482 	0
1483 	0
1484 	0
1485 	1
1486 	0
1487 	1
1488 	0
1494 	0
1495 	0
1496 	0
1497 	0
