1
40
6
0.09152923309266077
0.10311496159673514
-0.25170650618126056
0.3644760373842754
0.4423204877045826
-0.12084314358445794
0.26431892560765063
-0.05959888960701465
-0.2834780270997506
0.43467330746487665
0.3415294155316313
0.2237181240322001
-0.20332449036258624
-0.284241623894878
-0.12791718888019546
-0.6707970341755228
-0.10097774676708719
-0.6211717059550959
0.04276830386250442
-0.17270951389544034
-0.43022699779762563
-0.6688547670802245
-0.016632654178831044
-0.09393543308121766
0.08439664651950436
-0.4474425748643557
0.14586316862605725
-0.19513338226862598
-0.3490656181833264
-0.36333445178660495
0.27079819216806905
0.10655020352307303
-0.10121946721745828
-0.12459445977728495
0.4545167224947773
0.446648496365141
-0.08832187746373124
-0.16459421812631958
-0.21249589631644883
-0.2962266080356823
-0.5554536104768293
0.5147116340794973
0.29357533421954
0.027104999166550695
-0.49054309621913145
-0.24155917210675443
-0.09858293980990203
0.25182074170609087
-0.23186154233602851
0.48161815423274584
0.10981132940094994
-0.1340070460100116
0.14033937461277254
-0.24772258702818772
0.2856143508695674
-0.029590189234047458
0.07524366410923261
-0.2907903907235237
0.3993394461245271
0.29722671665398503
0.2340553222040095
0.5407886932807588
0.09910500594328531
-0.3399015152456346
0.281302009093503
-0.45137826625181154
-0.3663645100069132
0.43428451692566744
-0.24913742543961462
-0.3738776872474256
-0.30450521256339474
-0.3768122706811567
0.10868207211191984
-0.40310776109754404
0.38951757339561516
-0.5429044203301844
0.15111182834702613
-0.13140079031691548
0.21029170057632257
-0.2718999928431831
0.27875919450508196
0.2894958339511753
0.3160823810146389
0.42031924878105603
-0.046751682149726394
-0.029309790940570072
-0.09892523273610453
-0.3700274417584425
-0.15743542618371686
-0.22678544267167408
-0.027732639115340383
0.34555744776115527
0.1918598924446313
-0.27590356127511917
0.27334778289513295
0.3707805513065455
0.022101877198985844
0.16372572483922299
-0.387988655361002
-0.011926566991159694
-0.2104522307171244
0.009611518465041076
-0.2557017557090343
0.3600950385831005
-0.11429548680691183
-0.17414020075371414
0.37948416345748537
0.07256682426267999
0.3860493784620251
-0.30176645473221797
-0.3820880278020616
-0.19297819066373317
0.374445854381893
-0.24763755930429032
0.43558179343356374
0.23175653384532927
-0.3676738599584705
0.02145595217476359
0.41077236869741834
-0.09184191010478701
0.40416608930549675
-0.4142648847694763
-0.34625112676451736
0.321738856635544
0.14526058182179108
0.36248965776112485
0.3294876090537115
-0.1192026788573415
-0.3659086971570607
-0.026812282967370656
0.022855137064042054
-0.2682923598333152
-0.46127024423373086
0.32151145425020083
0.5129825108479182
-0.28563515487864743
0.17399545530147742
0.2807597773375516
0.29641336682891223
-0.15673409114277395
-0.34883719951712994
0.2526794006540368
0.02018189545537763
0.24012835718150974
-0.31734546983448914
0.2296827789002558
0.3471295687011719
-0.07773627989380993
0.43422806767261846
0.1554605848108982
0.35271506988839174
0.026570760439003676
0.513687386172083
0.15198439828544283
-0.09928251287745864
-0.08572643196406225
0.3523456075836558
-0.3733977252352954
0.023437535452289295
-0.321838759515946
0.21511044837087598
-0.12394012637294792
-0.10538283293603966
-0.09198578192262762
-0.11666961568154291
0.24552330228931216
0.5692655485688604
0.10453509913478831
-0.4000515112929703
0.2731119568393099
0.15611999955880915
0.4697962927039656
0.10476973104215456
-0.18520570421659585
-0.3329983940056658
0.2832276382169512
0.19798782768323792
-0.3846495344054834
0.08736726351849153
0.33722297779366106
0.3958148376707321
-0.056555238006995905
0.23149823672012593
0.08590008891645849
0.32685267555975417
-0.15140235002485541
-0.2574698014065227
0.22640623862067646
-0.22156129634161262
0.22944403659241372
-0.3621376699925393
0.46724561530727116
0.14883165529331993
0.40424107073512305
0.5758813611584199
0.12130032335541004
0.11784436734779574
-0.4147204587422565
0.4321262851126258
0.13056688094484867
0.4134845941083033
0.27617508203358093
-0.027428321109569234
0.04342608554043735
0.09480916420915993
-0.4721402113963109
-0.27866175826942574
-0.29775300240074926
-0.2131673034431011
0.316677255216894
-0.04035813034583184
0.1499853207445961
-0.35214889868603
0.5048836306948221
0.12248187973948416
0.3114567412262706
0.448472622833323
-0.1091074201136457
0.3018873792856747
-0.33900143201206495
-0.38827670240498957
-0.38981566273366297
0.4159256933735688
0.16322666725806007
0.40476071192590823
0.22302108506394028
-0.118137438490116
-0.4343366442607507
0.4428567036971852
-0.4074424221302198
-0.48563178230324827
-0.13116025966169853
-0.32844280772258316
0.21164450280001107
-0.1620579656353999
-0.25237012506811113
-0.2020816749023988
0.044374687072160225
-0.27133289809335714
-0.13801341937824202
0.1154808430583587
-0.50291728709602
-0.21400003634390916
-0.11123504940780408
-0.3483187039811433
-0.551835093866812
-0.02945234288945046
0.13421346211893492
-0.015188588354556436
-0.3648580608265828
-0.27717732263270306
0.2345952934296232
-0.06806061586668627
0.3253231238599389
-0.5003439566475147
-0.40231739451978116
-0.323795528201685
0.09631747311260276
-0.2903325836422452
0.4408779673668314
0.036966543177470966
-0.2638281785571646
-0.3067788082271654
0.2889097599684479
0.31429405800401355
0.12398365305068368
-0.24779851320440666
-0.30671233856964425
0.3321892730019018
-0.08649205909213213
0.1717173234623578
0.09496191084919844
-0.4550567773685801
0.12509850557172733
-0.020399757861348348
-0.4279864995384709
0.28480058237063743
0.34728757695374723
0.2363713333452617
0.07415472172662783
0.25766505111271487
-0.04879863979074962
0.3647316886990669
-0.4739512335898994
-0.20711716686213172
-0.34221594557155655
0.36905021018537154
0.09687807852647813
-0.34834718310040425
0.13018781455980866
-0.028147357586352832
-0.3766373603110552
-0.47864004300797913
-0.022252291042658336
-0.3521268220688448
-0.36235870320308655
0.16111993396935237
-0.467038353511563
0.2393724603557733
-0.3067026072707769
0.2327836596664961
-0.3305738045704504
-0.03801474075889211
0.3386627972952651
0.3488222037467398
-0.08005597697848636
0.07148308363809198
0.06939956636095584
0.3301985392205478
-0.14025058944452787
0.41088941092393394
0.3492364844549509
-0.48614921525960214
0.09591170161868887
0.2039594610677744
-0.3638820778088112
0.38964898289317174
0.49886123707655816
-0.35963926756137016
0.02097434823486191
0.10749422003992788
