1
40
6
-0.3165936422063983
0.4829894512973068
-0.20781632018320426
0.09739584157157875
0.2281065245452785
0.2463375854519144
-0.3141013152415495
0.08918469644750485
-0.20097963554959702
0.1433699075000329
0.03039539801759484
-0.17732571190289528
0.5156486598083246
0.20049665569525008
0.0032021789221695946
-0.2747812694490825
-0.20287388394415665
-0.24023979105230286
0.10577187200008734
-0.14504245171958877
0.3319605681034173
-0.35338205581146337
-3.7781542864319856E-4
0.09127431059899929
-0.19993044049712566
0.11529443193283798
-0.055869032973025576
0.3033391186996766
0.34908055289258794
-0.3632274872096084
-0.1314290786150567
-0.09510297691407975
-0.5196657250233626
-0.19176608154357555
0.5381790824469942
-0.4165610725252331
-0.0830647272139045
-0.5731783922703436
0.23236936500707298
0.6373154431227873
-0.6749664532641577
0.44781060127747685
-0.13621266735442944
0.40983694577726176
0.3700821265734894
0.1804016929215856
-0.3997104188802301
-0.14980288105718934
-0.1171710005975848
-0.05279563774265612
0.4080994012801731
-0.43594434265302273
-0.046787220032647805
0.34960890595222927
-0.42937678309529426
0.29963538168222176
-0.30740136596861395
0.26932768482699965
-0.09324414845560641
0.0917406220684017
0.4018377963924657
0.5070891096244299
-0.3842037642599286
0.15189275427945137
0.204841448340108
-0.48197064063317696
0.33776405552647487
0.25986595888752356
-0.09313124836841018
0.3120825873376502
0.41286539523795024
-0.3164950428938114
-0.30479083809098173
0.4667405387945822
-0.42372449916707244
-0.4123363807583744
-0.4493863550175009
-0.09452679518759002
0.2137136266158664
-0.3943315638249922
0.45853447701115585
0.4651733065536627
0.2837367655607976
0.06066647903697507
-0.007680793388599212
0.017090819863164387
-0.07509423011775322
-0.4705509455762192
0.2890479414363612
-0.1570887029179619
-0.46491112335469614
-0.4739379300081494
0.028243243225778807
-0.17793541850727257
0.10566725510302417
-0.28418370075162996
-0.3078827432632107
-0.1349601471836029
-0.10697698777899073
0.2808818475969045
0.3762961912269101
0.031890784896613435
0.38058926690853573
0.006506699862547898
1.243107424786821E-5
-0.4149090204389708
-0.17167350943910373
-0.20296134883040673
0.40252969444604414
-0.2758746316109217
0.3643548354486516
0.2470431878293167
-0.21831114945124003
-0.3766990037999684
-0.004601146803602053
-0.11726411981461622
0.09297447144879392
0.3542431856095396
0.45829972834720684
0.12147608388849386
0.2860286563589633
0.4124679063690066
0.06308060456580541
0.08478748151233832
-0.28585792987128184
0.3165478969618524
0.22283141169752785
-0.22899225961487468
0.0304715210249358
-0.3837267472057915
0.03192075075440351
-0.521470038344145
0.35296870008358966
-0.47331055565351626
0.44426727688519196
-0.04234686981870557
-0.21790661561130104
0.5071822401171712
-0.0911301451134305
0.40055391826461084
0.3954533655287938
0.11478827421612096
-0.04563549639396581
0.360041377328796
0.36293984924532047
-0.1494893895986748
-0.5046673147420563
0.0659528444341494
-0.21508380569603436
-0.486021045409473
-0.054786542997033005
-0.15471230675469885
-0.08032397332409762
0.07877431782487683
-0.25780465970206107
-0.4605101386777303
0.1465133699637502
0.3055236259066469
0.03850163541394625
0.1547290412930288
-0.4003871149826333
0.2482290500116928
-0.40314526216803037
0.2970363997379714
-0.095706064409637
-0.16480025013707925
0.01922978482719636
-0.1392521430962698
-0.15362501465211068
-0.4603072573053637
0.3035652173801352
-0.24774249337027984
-0.3872359306761337
0.14422650397987014
-0.22875431472123195
-0.4239734124078945
-0.3092765153114968
-0.42283493826803026
0.00897259764305318
-0.30579741954585576
0.3721493292747418
0.056910189494589564
-0.0385829752515873
0.3388975847818212
-0.12425306682248997
0.15112310071812013
-0.2019154179228399
0.07414269620917333
0.22439343149505156
0.39592260840881077
-0.04363683472841847
0.04703225882816159
0.24739299919533664
0.4023220750104442
0.3511150656897527
0.1654861546058878
-0.3104396449095245
-0.42274739502899245
0.20044411503841225
-0.43319653318712675
0.2727881819719304
-0.2577686612129731
-0.2141736194649417
0.4691991205446167
0.46212485988744556
0.02151022316310922
0.23960130335253327
-0.26697866038355883
-0.07856942047871904
-0.2199060922169743
0.21697579503407247
-0.011390015591816108
-0.3805731881989802
0.33409396670296354
0.43588007123667455
0.1293091143748429
-0.15973648677130328
0.2982597916919187
-0.060661602767766325
0.3486045836465363
-0.3596704181331098
-0.2607983595861496
0.02835451774143643
-0.20383102807983736
-0.1672085049062074
-0.19489385700808898
0.4795464791446202
0.16232543649297101
0.20026130580402335
-0.07261409623748026
-0.38399446218885863
0.4866476089429917
-0.1279320930080236
0.34014107649628106
0.15200453904394032
-0.350030781146643
0.06618173840602244
-0.15624130588955784
-0.01901622159301474
0.06630916330280055
-0.38639626889931095
-0.4215175332697365
-0.22219365845802683
-0.20151734528046913
-0.5066363139094479
0.03568114225990635
-0.4229914784399593
-0.20011033332530634
0.06397263555123492
0.09170339006273728
0.2389217240222369
-0.22135199460965022
-0.36406629073125524
-0.38485631748471816
0.06446136872969024
-0.015011526807922901
-0.44270023355545385
0.3991199272585232
-0.3930779224077238
0.5040867034626253
-0.08269936945610636
0.10588344418935293
-0.3738024276001758
-0.2613927114747529
0.40228541569802917
-0.21215376169064876
0.26243335112175376
0.1280010043192923
0.018677222453523566
-0.06334563832259016
0.3450365073368672
0.388539380011578
0.4165407252169351
0.27506939031727934
0.2633192679375437
0.3505258515887285
0.05288045844910543
-0.42957545377414275
0.10891034312321202
0.36664960041044287
-0.22306033584727245
0.10019109351510315
0.026131632218513935
-0.2766823530151533
0.17076793177266245
-0.43993194068314156
-0.07281994641862623
-0.1250042629381851
0.3692187568774345
-0.13261382093707028
0.2382954013410997
-0.13175799465316052
0.12477720932413917
-0.2510510290689852
0.33257913568931247
0.25098480818504015
0.14828593042942076
-0.4149134735486573
0.42557125462501316
0.19250325669699325
-0.003302130197866485
-0.12163450189248615
-0.051643452681973664
0.3005602578679893
0.3853905890379024
0.0010027947300354316
0.4882070578324374
-0.18110565677131463
0.4570040374230164
0.04270606236581755
0.050916041716188264
-0.49804971282538446
-0.274853086706235
-0.3548538110943201
-0.18667185528907754
0.3266031806832018
-0.11059144179950259
-0.03868422599940972
0.22214746146408054
0.12755846438656593
-0.4767144841813454
